0.000000 191644
0.100000 191644
0.200000 191644
0.300000 191644
0.400000 191684
0.500000 191684
0.600000 191684
0.700000 191684
0.800000 191676
0.900000 191676
1.000000 191676
1.100000 191676
1.200000 191676
1.300000 191676
1.400000 191676
1.500000 191676
1.600000 191676
1.700000 191676
1.800000 191644
1.900000 191644
2.000000 191644
2.100000 191644
2.200000 191644
2.300000 191644
2.400000 191644
2.500000 191644
2.600000 191644
2.700000 191644
2.800000 191644
2.900000 191644
3.000000 191644
3.100000 191644
3.200000 191644
3.300000 191644
3.400000 191644
3.500000 191708
3.600000 191708
3.700000 191708
3.800000 191676
3.900000 191676
4.000000 191676
4.100000 191676
4.200000 191676
4.300000 191676
4.400000 191676
4.500000 191676
4.600000 191676
4.700000 191676
4.800000 191676
4.900000 191676
5.000000 191676
5.100000 191676
5.200000 191676
5.300000 191676
5.400000 191676
5.500000 191676
5.600000 191676
5.700000 191676
5.800000 191644
5.900000 191636
6.000000 191636
6.100000 191636
6.200000 191636
6.300000 191636
6.400000 191636
6.500000 191636
6.600000 191668
6.700000 191668
6.800000 191668
6.900000 191668
7.000000 191668
7.100000 191668
7.200000 191668
7.300000 191668
7.400000 191668
7.500000 191668
7.600000 191668
7.700000 191668
7.800000 191636
7.900000 191636
8.000000 191636
8.100000 191636
8.200000 191636
8.300000 191636
8.400000 191636
8.500000 191636
8.600000 191636
8.700000 191636
8.800000 191636
8.900000 191636
9.000000 191636
9.100000 191636
9.200000 191636
9.300000 191636
9.400000 191636
9.500000 191636
9.600000 191636
9.700000 191636
9.800000 191668
9.900000 191668
10.000000 191668
10.100000 191668
10.200000 191668
10.300000 191668
10.400000 191668
10.500000 191668
10.600000 191668
10.700000 191668
10.800000 191668
10.900000 191668
11.000000 191668
11.100000 191668
11.200000 191668
11.300000 191668
11.400000 191668
11.500000 191668
11.600000 191668
11.700000 191668
11.800000 191668
11.900000 191636
12.000000 191636
12.100000 191636
12.200000 191636
12.300000 191636
12.400000 191636
12.500000 191636
12.600000 191636
12.700000 191636
12.800000 191636
12.900000 191636
13.000000 191636
13.100000 191636
13.200000 191636
13.300000 191636
13.400000 191636
13.500000 191636
13.600000 191636
13.700000 191668
13.800000 191668
13.900000 191668
14.000000 191668
14.100000 191668
14.200000 191668
14.300000 191668
14.400000 191668
14.500000 191668
14.600000 191668
14.700000 191668
14.800000 191668
14.900000 191668
15.000000 191668
15.100000 191636
15.200000 191636
15.300000 191636
15.400000 191636
15.500000 191636
15.600000 191636
15.700000 191636
15.800000 191636
15.900000 191636
16.000000 191636
16.100000 191636
16.200001 191636
16.299999 191636
16.400000 191636
16.500000 191636
16.600000 191636
16.700001 191636
16.799999 191668
16.900000 191668
17.000000 191668
17.100000 191636
17.200001 191636
17.299999 191636
17.400000 191636
17.500000 191636
17.600000 191636
17.700001 191636
17.799999 191636
17.900000 191636
18.000000 191636
18.100000 191636
18.200001 191636
18.299999 191636
18.400000 191636
18.500000 191636
18.600000 191636
18.700001 191636
18.799999 191636
18.900000 191636
19.000000 191636
19.100000 191604
19.200001 191604
19.299999 191604
19.400000 191604
19.500000 191604
19.600000 191604
19.700001 191668
19.799999 191668
19.900000 191668
20.000000 191668
20.100000 191668
20.200001 191668
20.299999 191668
20.400000 191668
20.500000 191668
20.600000 191668
20.700001 191668
20.799999 191668
20.900000 191668
21.000000 191668
21.100000 191636
21.200001 191636
21.299999 191636
21.400000 191636
21.500000 191636
21.600000 191636
21.700001 191636
21.799999 191636
21.900000 191636
22.000000 191636
22.100000 191636
22.200001 191636
22.299999 191636
22.400000 191636
22.500000 191636
22.600000 191636
22.700001 191636
22.799999 191700
22.900000 191700
23.000000 191700
23.100000 191668
23.200001 191668
23.299999 191668
23.400000 191668
23.500000 191668
23.600000 191668
23.700001 191668
23.799999 191668
23.900000 191668
24.000000 191668
24.100000 191668
24.200001 191668
24.299999 191668
24.400000 191668
24.500000 191668
24.600000 191668
24.700001 191668
24.799999 191664
24.900000 191664
25.000000 191664
25.100000 191632
25.200001 191632
25.299999 191632
25.400000 191632
25.500000 191632
25.600000 191632
25.700001 191632
25.799999 191632
25.900000 191632
26.000000 191632
26.100000 191632
26.200001 191632
26.299999 191632
26.400000 191632
26.500000 191632
26.600000 191632
26.700001 191632
26.799999 191664
26.900000 191664
27.000000 191664
27.100000 191632
27.200001 191632
27.299999 191632
27.400000 191632
27.500000 191632
27.600000 191632
27.700001 191632
27.799999 191632
27.900000 191632
28.000000 191632
28.100000 191632
28.200001 191632
28.299999 191632
28.400000 191632
28.500000 191632
28.600000 191632
28.700001 191632
28.799999 191632
28.900000 191632
29.000000 191664
29.100000 191664
29.200001 191664
29.299999 191664
29.400000 191664
29.500000 191664
29.600000 191664
29.700001 191664
29.799999 191664
29.900000 191664
30.000000 191664
30.100000 191664
30.200001 191664
30.299999 191664
30.400000 191664
30.500000 191664
30.600000 191664
30.700001 191664
30.799999 191656
30.900000 191656
31.000000 191624
31.100000 191624
31.200001 191624
31.299999 191624
31.400000 191624
31.500000 191624
31.600000 191624
31.700001 191624
31.799999 191624
31.900000 191624
32.000000 191624
32.099998 191624
32.200001 191624
32.299999 191624
32.400002 191624
32.500000 191624
32.599998 191624
32.700001 191624
32.799999 191656
32.900002 191656
33.000000 191624
33.099998 191624
33.200001 191624
33.299999 191624
33.400002 191624
33.500000 191624
33.599998 191624
33.700001 191624
33.799999 191624
33.900002 191624
34.000000 191624
34.099998 191624
34.200001 191624
34.299999 191624
34.400002 191624
34.500000 191624
34.599998 191624
34.700001 191624
34.799999 191656
34.900002 191656
35.000000 191656
35.099998 191656
35.200001 191656
35.299999 191656
35.400002 191656
35.500000 191656
35.599998 191656
35.700001 191624
35.799999 191624
35.900002 191624
36.000000 191624
36.099998 191624
36.200001 191624
36.299999 191624
36.400002 191624
36.500000 191624
36.599998 191624
36.700001 191656
36.799999 191656
36.900002 191656
37.000000 191656
37.099998 191656
37.200001 191656
37.299999 191656
37.400002 191656
37.500000 191656
37.599998 191656
37.700001 191656
37.799999 191624
37.900002 191624
38.000000 191624
38.099998 191624
38.200001 191624
38.299999 191624
38.400002 191624
38.500000 191624
38.599998 191624
38.700001 191624
38.799999 191624
38.900002 191624
39.000000 191624
39.099998 191624
39.200001 191624
39.299999 191624
39.400002 191624
39.500000 191624
39.599998 191624
39.700001 191624
39.799999 191592
39.900002 191656
40.000000 191656
40.099998 191656
40.200001 191656
40.299999 191656
40.400002 191656
40.500000 191656
40.599998 191656
40.700001 191656
40.799999 191656
40.900002 191656
41.000000 191656
41.099998 191656
41.200001 191656
41.299999 191656
41.400002 191656
41.500000 191656
41.599998 191656
41.700001 191656
41.799999 191624
41.900002 191624
42.000000 191624
42.099998 191624
42.200001 191624
42.299999 191624
42.400002 191624
42.500000 191624
42.599998 191624
42.700001 191624
42.799999 191624
42.900002 191624
43.000000 191688
43.099998 191688
43.200001 191688
43.299999 191688
43.400002 191688
43.500000 191688
43.599998 191688
43.700001 191688
43.799999 191656
43.900002 191656
44.000000 191656
44.099998 191656
44.200001 191656
44.299999 191656
44.400002 191656
44.500000 191656
44.599998 191656
44.700001 191656
44.799999 191656
44.900002 191656
45.000000 191656
45.099998 191656
45.200001 191656
45.299999 191656
45.400002 191656
45.500000 191656
45.599998 191656
45.700001 191656
45.799999 191624
45.900002 191624
46.000000 191624
46.099998 191624
46.200001 191624
46.299999 191624
46.400002 191624
46.500000 191624
46.599998 191624
46.700001 191624
46.799999 191656
46.900002 191656
47.000000 191656
47.099998 191656
47.200001 191656
47.299999 191656
47.400002 191656
47.500000 191656
47.599998 191656
47.700001 191624
47.799999 191624
47.900002 191624
48.000000 191624
48.099998 191624
48.200001 191624
48.299999 191624
48.400002 191624
48.500000 191624
48.599998 191624
48.700001 191624
48.799999 191620
48.900002 191620
49.000000 191620
49.099998 191620
49.200001 191620
49.299999 191620
49.400002 191620
49.500000 191620
49.599998 191620
49.700001 191620
49.799999 191652
49.900002 191652
50.000000 191652
50.099998 191652
50.200001 191652
50.299999 191652
50.400002 191652
50.500000 191652
50.599998 191652
50.700001 191652
50.799999 191652
50.900002 191652
51.000000 191652
51.099998 191652
51.200001 191652
51.299999 191652
51.400002 191652
51.500000 191652
51.599998 191652
51.700001 191652
51.799999 191620
51.900002 191620
52.000000 191620
52.099998 191620
52.200001 191620
52.299999 191620
52.400002 191620
52.500000 191620
52.599998 191620
52.700001 191652
52.799999 191652
52.900002 191652
53.000000 191652
53.099998 191652
53.200001 191652
53.299999 191652
53.400002 191652
53.500000 191652
53.599998 191652
53.700001 191652
53.799999 191620
53.900002 191620
54.000000 191620
54.099998 191620
54.200001 191620
54.299999 191620
54.400002 191620
54.500000 191620
54.599998 191620
54.700001 191620
54.799999 191620
54.900002 191620
55.000000 191620
55.099998 191620
55.200001 191620
55.299999 191620
55.400002 191620
55.500000 191620
55.599998 191620
55.700001 191620
55.799999 191644
55.900002 191644
56.000000 191644
56.099998 191644
56.200001 191644
56.299999 191644
56.400002 191644
56.500000 191644
56.599998 191644
56.700001 191644
56.799999 191644
56.900002 191644
57.000000 191644
57.099998 191644
57.200001 191644
57.299999 191644
57.400002 191644
57.500000 191644
57.599998 191644
57.700001 191644
57.799999 191612
57.900002 191612
58.000000 191612
58.099998 191612
58.200001 191612
58.299999 191612
58.400002 191612
58.500000 191612
58.599998 191612
58.700001 191612
58.799999 191644
58.900002 191644
59.000000 191644
59.099998 191644
59.200001 191644
59.299999 191644
59.400002 191644
59.500000 191644
59.599998 191644
59.700001 191612
59.799999 191612
59.900002 191612
60.000000 191612
60.099998 191612
60.200001 191612
60.299999 191612
60.400002 191612
60.500000 191612
60.599998 191612
60.700001 191612
60.799999 191612
60.900002 191612
61.000000 191612
61.099998 191612
61.200001 191612
61.299999 191612
61.400002 191612
61.500000 191612
61.599998 191612
61.700001 191612
61.799999 191636
61.900002 191636
62.000000 191636
62.099998 191636
62.200001 191636
62.299999 191636
62.400002 191636
62.500000 191636
62.599998 191636
62.700001 191636
62.799999 191636
62.900002 191636
63.000000 191636
63.099998 191636
63.200001 191636
63.299999 191636
63.400002 191636
63.500000 191636
63.599998 191636
63.700001 191636
63.799999 191604
63.900002 191604
64.000000 191604
64.099998 191604
64.199997 191604
64.300003 191604
64.400002 191604
64.500000 191604
64.599998 191604
64.699997 191604
64.800003 191604
64.900002 191668
65.000000 191668
65.099998 191668
65.199997 191668
65.300003 191668
65.400002 191668
65.500000 191668
65.599998 191668
65.699997 191668
65.800003 191636
65.900002 191636
66.000000 191636
66.099998 191636
66.199997 191636
66.300003 191636
66.400002 191636
66.500000 191636
66.599998 191636
66.699997 191636
66.800003 191636
66.900002 191636
67.000000 191636
67.099998 191636
67.199997 191636
67.300003 191636
67.400002 191636
67.500000 191636
67.599998 191636
67.699997 191636
67.800003 191636
67.900002 191604
68.000000 191604
68.099998 191604
68.199997 191604
68.300003 191604
68.400002 191604
68.500000 191604
68.599998 191604
68.699997 191636
68.800003 191636
68.900002 191636
69.000000 191636
69.099998 191636
69.199997 191636
69.300003 191636
69.400002 191636
69.500000 191636
69.599998 191636
69.699997 191636
69.800003 191604
69.900002 191604
70.000000 191604
70.099998 191604
70.199997 191604
70.300003 191604
70.400002 191604
70.500000 191604
70.599998 191604
70.699997 191604
70.800003 191604
70.900002 191604
71.000000 191604
71.099998 191604
71.199997 191604
71.300003 191604
71.400002 191604
71.500000 191604
71.599998 191604
71.699997 191636
71.800003 191636
71.900002 191636
72.000000 191636
72.099998 191636
72.199997 191636
72.300003 191636
72.400002 191636
72.500000 191636
72.599998 191636
72.699997 191636
72.800003 191636
72.900002 191636
73.000000 191636
73.099998 191636
73.199997 191636
73.300003 191636
73.400002 191636
73.500000 191636
73.599998 191636
73.699997 191600
73.800003 191600
73.900002 191600
74.000000 191600
74.099998 191600
74.199997 191600
74.300003 191600
74.400002 191600
74.500000 191600
74.599998 191600
74.699997 191632
74.800003 191632
74.900002 191632
75.000000 191632
75.099998 191632
75.199997 191632
75.300003 191632
75.400002 191632
75.500000 191632
75.599998 191632
75.699997 191600
75.800003 191600
75.900002 191600
76.000000 191600
76.099998 191600
76.199997 191600
76.300003 191600
76.400002 191600
76.500000 191600
76.599998 191600
76.699997 191600
76.800003 191600
76.900002 191600
77.000000 191600
77.099998 191600
77.199997 191600
77.300003 191600
77.400002 191600
77.500000 191600
77.599998 191600
77.699997 191632
77.800003 191632
77.900002 191632
78.000000 191632
78.099998 191632
78.199997 191632
78.300003 191632
78.400002 191632
78.500000 191632
78.599998 191632
78.699997 191628
78.800003 191628
78.900002 191628
79.000000 191628
79.099998 191628
79.199997 191628
79.300003 191628
79.400002 191628
79.500000 191628
79.599998 191628
79.699997 191592
79.800003 191592
79.900002 191592
80.000000 191592
80.099998 191592
80.199997 191592
80.300003 191592
80.400002 191592
80.500000 191592
80.599998 191592
80.699997 191624
80.800003 191624
80.900002 191624
81.000000 191624
81.099998 191624
81.199997 191624
81.300003 191624
81.400002 191624
81.500000 191624
81.599998 191624
81.699997 191592
81.800003 191592
81.900002 191592
82.000000 191592
82.099998 191592
82.199997 191592
82.300003 191592
82.400002 191592
82.500000 191592
82.599998 191592
82.699997 191592
82.800003 191592
82.900002 191592
83.000000 191592
83.099998 191592
83.199997 191592
83.300003 191592
83.400002 191592
83.500000 191592
83.599998 191592
83.699997 191592
83.800003 191624
83.900002 191624
84.000000 191624
84.099998 191624
84.199997 191624
84.300003 191624
84.400002 191624
84.500000 191624
84.599998 191624
84.699997 191624
84.800003 191624
84.900002 191624
85.000000 191624
85.099998 191624
85.199997 191624
85.300003 191624
85.400002 191624
85.500000 191624
85.599998 191624
85.699997 191624
85.800003 191592
85.900002 191592
86.000000 191592
86.099998 191592
86.199997 191592
86.300003 191592
86.400002 191592
86.500000 191592
86.599998 191592
86.699997 191592
86.800003 191656
86.900002 191656
87.000000 191656
87.099998 191656
87.199997 191656
87.300003 191656
87.400002 191656
87.500000 191656
87.599998 191656
87.699997 191624
87.800003 191624
87.900002 191624
88.000000 191624
88.099998 191624
88.199997 191624
88.300003 191624
88.400002 191624
88.500000 191624
88.599998 191624
88.699997 191624
88.800003 191624
88.900002 191624
89.000000 191624
89.099998 191624
89.199997 191624
89.300003 191624
89.400002 191624
89.500000 191624
89.599998 191624
89.699997 191624
89.800003 191592
89.900002 191592
90.000000 191592
90.099998 191592
90.199997 191592
90.300003 191592
90.400002 191592
90.500000 191592
90.599998 191592
90.699997 191624
90.800003 191624
90.900002 191624
91.000000 191624
91.099998 191624
91.199997 191624
91.300003 191624
91.400002 191624
91.500000 191624
91.599998 191624
91.699997 191592
91.800003 191592
91.900002 191592
92.000000 191592
92.099998 191592
92.199997 191592
92.300003 191592
92.400002 191592
92.500000 191592
92.599998 191592
92.699997 191592
92.800003 191592
92.900002 191592
93.000000 191592
93.099998 191592
93.199997 191592
93.300003 191592
93.400002 191592
93.500000 191592
93.599998 191592
93.699997 191624
93.800003 191624
93.900002 191624
94.000000 191624
94.099998 191624
94.199997 191624
94.300003 191624
94.400002 191624
94.500000 191624
94.599998 191624
94.699997 191624
94.800003 191624
94.900002 191624
95.000000 191624
95.099998 191624
95.199997 191624
95.300003 191624
95.400002 191624
95.500000 191624
95.599998 191624
95.699997 191624
95.800003 191592
95.900002 191592
96.000000 191592
96.099998 191592
96.199997 191592
96.300003 191592
96.400002 191592
96.500000 191592
96.599998 191592
96.699997 191624
96.800003 191624
96.900002 191624
97.000000 191624
97.099998 191624
97.199997 191624
97.300003 191588
97.400002 191588
97.500000 191588
97.599998 191588
97.699997 191588
97.800003 191588
97.900002 191588
98.000000 191588
98.099998 191588
98.199997 191588
98.300003 191588
98.400002 191588
98.500000 191588
98.599998 191588
98.699997 191588
98.800003 191588
98.900002 191588
99.000000 191588
99.099998 191556
99.199997 191556
99.300003 191556
99.400002 191620
99.500000 191620
99.599998 191620
99.699997 191620
99.800003 191620
99.900002 191620
100.000000 191620
100.099998 191620
100.199997 191620
100.300003 191620
100.400002 191620
100.500000 191620
100.599998 191620
100.699997 191620
100.800003 191620
100.900002 191620
101.000000 191620
101.099998 191588
101.199997 191588
101.300003 191588
101.400002 191588
101.500000 191588
101.599998 191588
101.699997 191588
101.800003 191588
101.900002 191588
102.000000 191588
102.099998 191588
102.199997 191588
102.300003 191588
102.400002 191588
102.500000 191588
102.599998 191588
102.699997 191620
102.800003 191612
102.900002 191612
103.000000 191612
103.099998 191580
103.199997 191580
103.300003 191580
103.400002 191580
103.500000 191580
103.599998 191580
103.699997 191580
103.800003 191580
103.900002 191580
104.000000 191580
104.099998 191580
104.199997 191580
104.300003 191580
104.400002 191580
104.500000 191580
104.599998 191580
104.699997 191580
104.800003 191580
104.900002 191580
105.000000 191580
105.099998 191548
105.199997 191548
105.300003 191548
105.400002 191548
105.500000 191548
105.599998 191548
105.699997 191612
105.800003 191612
105.900002 191612
106.000000 191612
106.099998 191612
106.199997 191612
106.300003 191612
106.400002 191612
106.500000 191612
106.599998 191612
106.699997 191612
106.800003 191612
106.900002 191612
107.000000 191612
107.099998 191580
107.199997 191580
107.300003 191580
107.400002 191580
107.500000 191580
107.599998 191580
107.699997 191580
107.800003 191580
107.900002 191580
108.000000 191580
108.099998 191580
108.199997 191580
108.300003 191580
108.400002 191580
108.500000 191580
108.599998 191580
108.699997 191580
108.800003 191644
108.900002 191644
109.000000 191644
109.099998 191612
109.199997 191612
109.300003 191612
109.400002 191612
109.500000 191612
109.599998 191612
109.699997 191612
109.800003 191612
109.900002 191612
110.000000 191612
110.099998 191612
110.199997 191612
110.300003 191612
110.400002 191612
110.500000 191612
110.599998 191612
110.699997 191612
110.800003 191612
110.900002 191612
111.000000 191612
111.099998 191580
111.199997 191580
111.300003 191580
111.400002 191580
111.500000 191580
111.599998 191580
111.699997 191580
111.800003 191580
111.900002 191580
112.000000 191580
112.099998 191580
112.199997 191580
112.300003 191580
112.400002 191580
112.500000 191580
112.599998 191580
112.699997 191612
112.800003 191604
112.900002 191604
113.000000 191604
113.099998 191572
113.199997 191572
113.300003 191572
113.400002 191572
113.500000 191572
113.599998 191572
113.699997 191572
113.800003 191572
113.900002 191572
114.000000 191572
114.099998 191572
114.199997 191572
114.300003 191572
114.400002 191572
114.500000 191572
114.599998 191572
114.699997 191572
114.800003 191572
114.900002 191572
115.000000 191572
115.099998 191604
115.199997 191604
115.300003 191604
115.400002 191604
115.500000 191604
115.599998 191604
115.699997 191604
115.800003 191604
115.900002 191604
116.000000 191604
116.099998 191604
116.199997 191604
116.300003 191604
116.400002 191604
116.500000 191604
116.599998 191604
116.699997 191604
116.800003 191604
116.900002 191604
117.000000 191572
117.099998 191572
117.199997 191572
117.300003 191572
117.400002 191572
117.500000 191572
117.599998 191572
117.699997 191572
117.800003 191572
117.900002 191572
118.000000 191572
118.099998 191572
118.199997 191572
118.300003 191572
118.400002 191572
118.500000 191572
118.599998 191572
118.699997 191604
118.800003 191604
118.900002 191604
119.000000 191572
119.099998 191572
119.199997 191572
119.300003 191572
119.400002 191572
119.500000 191572
119.599998 191572
119.699997 191572
119.800003 191572
119.900002 191572
120.000000 191572
