0.000000 191572
0.100000 191572
0.200000 191572
0.300000 191572
0.400000 191572
0.500000 191572
0.600000 191572
0.700000 191564
0.800000 191532
0.900000 191532
1.000000 191532
1.100000 191596
1.200000 191596
1.300000 191596
1.400000 191596
1.500000 191596
1.600000 191596
1.700000 191596
1.800000 191596
1.900000 191596
2.000000 191596
2.100000 191596
2.200000 191596
2.300000 191596
2.400000 191596
2.500000 191596
2.600000 191596
2.700000 191596
2.800000 191564
2.900000 191564
3.000000 191564
3.100000 191564
3.200000 191564
3.300000 191564
3.400000 191564
3.500000 191564
3.600000 191564
3.700000 191564
3.800000 191564
3.900000 191564
4.000000 191564
4.100000 191564
4.200000 191564
4.300000 191564
4.400000 191564
4.500000 191564
4.600000 191564
4.700000 191596
4.800000 191564
4.900000 191564
5.000000 191564
5.100000 191564
5.200000 191564
5.300000 191564
5.400000 191564
5.500000 191564
5.600000 191564
5.700000 191564
5.800000 191564
5.900000 191564
6.000000 191564
6.100000 191564
6.200000 191564
6.300000 191564
6.400000 191564
6.500000 191564
6.600000 191564
6.700000 191556
6.800000 191524
6.900000 191524
7.000000 191524
7.100000 191524
7.200000 191524
7.300000 191524
7.400000 191588
7.500000 191588
7.600000 191588
7.700000 191588
7.800000 191588
7.900000 191588
8.000000 191588
8.100000 191588
8.200000 191588
8.300000 191588
8.400000 191588
8.500000 191588
8.600000 191588
8.700000 191588
8.800000 191556
8.900000 191556
9.000000 191556
9.100000 191556
9.200000 191556
9.300000 191556
9.400000 191556
9.500000 191556
9.600000 191556
9.700000 191556
9.800000 191556
9.900000 191556
10.000000 191556
10.100000 191556
10.200000 191556
10.300000 191556
10.400000 191556
10.500000 191620
10.600000 191620
10.700000 191620
10.800000 191620
10.900000 191620
11.000000 191588
11.100000 191588
11.200000 191588
11.300000 191588
11.400000 191588
11.500000 191588
11.600000 191588
11.700000 191588
11.800000 191588
11.900000 191588
12.000000 191588
12.100000 191588
12.200000 191588
12.300000 191588
12.400000 191588
12.500000 191588
12.600000 191588
12.700000 191588
12.800000 191588
12.900000 191588
13.000000 191588
13.100000 191588
13.200000 191588
13.300000 191588
13.400000 191588
13.500000 191588
13.600000 191588
13.700000 191556
13.800000 191556
13.900000 191556
14.000000 191556
14.100000 191556
14.200000 191556
14.300000 191556
14.400000 191556
14.500000 191556
14.600000 191556
14.700000 191588
14.800000 191588
14.900000 191588
15.000000 191588
15.100000 191588
15.200000 191588
15.300000 191588
15.400000 191588
15.500000 191588
15.600000 191588
15.700000 191588
15.800000 191588
15.900000 191588
16.000000 191588
16.100000 191588
16.200001 191588
16.299999 191588
16.400000 191588
16.500000 191588
16.600000 191588
16.700001 191556
16.799999 191556
16.900000 191556
17.000000 191556
17.100000 191556
17.200001 191556
17.299999 191556
17.400000 191556
17.500000 191556
17.600000 191556
17.700001 191588
17.799999 191588
17.900000 191588
18.000000 191588
18.100000 191588
18.200001 191588
18.299999 191588
18.400000 191588
18.500000 191588
18.600000 191588
18.700001 191588
18.799999 191588
18.900000 191588
19.000000 191588
19.100000 191588
19.200001 191588
19.299999 191588
19.400000 191588
19.500000 191556
19.600000 191556
19.700001 191556
19.799999 191556
19.900000 191556
20.000000 191556
20.100000 191556
20.200001 191556
20.299999 191556
20.400000 191556
20.500000 191556
20.600000 191556
20.700001 191524
20.799999 191524
20.900000 191524
21.000000 191588
21.100000 191588
21.200001 191588
21.299999 191588
21.400000 191588
21.500000 191588
21.600000 191588
21.700001 191588
21.799999 191588
21.900000 191588
22.000000 191588
22.100000 191588
22.200001 191588
22.299999 191588
22.400000 191588
22.500000 191588
22.600000 191588
22.700001 191556
22.799999 191556
22.900000 191556
23.000000 191556
23.100000 191556
23.200001 191556
23.299999 191556
23.400000 191556
23.500000 191556
23.600000 191556
23.700001 191556
23.799999 191556
23.900000 191556
24.000000 191556
24.100000 191620
24.200001 191620
24.299999 191620
24.400000 191620
24.500000 191620
24.600000 191620
24.700001 191620
24.799999 191584
24.900000 191584
25.000000 191584
25.100000 191584
25.200001 191584
25.299999 191584
25.400000 191584
25.500000 191584
25.600000 191584
25.700001 191584
25.799999 191584
25.900000 191584
26.000000 191584
26.100000 191584
26.200001 191584
26.299999 191584
26.400000 191584
26.500000 191584
26.600000 191584
26.700001 191584
26.799999 191552
26.900000 191552
27.000000 191552
27.100000 191552
27.200001 191552
27.299999 191552
27.400000 191552
27.500000 191552
27.600000 191552
27.700001 191584
27.799999 191584
27.900000 191584
28.000000 191584
28.100000 191584
28.200001 191584
28.299999 191584
28.400000 191584
28.500000 191584
28.600000 191584
28.700001 191552
28.799999 191552
28.900000 191552
29.000000 191552
29.100000 191552
29.200001 191552
29.299999 191552
29.400000 191552
29.500000 191552
29.600000 191552
29.700001 191552
29.799999 191552
29.900000 191552
30.000000 191552
30.100000 191552
30.200001 191552
30.299999 191552
30.400000 191552
30.500000 191552
30.600000 191552
30.700001 191576
30.799999 191576
30.900000 191576
31.000000 191576
31.100000 191576
31.200001 191576
31.299999 191576
31.400000 191576
31.500000 191576
31.600000 191576
31.700001 191576
31.799999 191576
31.900000 191576
32.000000 191576
32.099998 191576
32.200001 191576
32.299999 191576
32.400002 191576
32.500000 191576
32.599998 191576
32.700001 191576
32.799999 191544
32.900002 191544
33.000000 191544
33.099998 191544
33.200001 191544
33.299999 191544
33.400002 191544
33.500000 191544
33.599998 191544
33.700001 191576
33.799999 191576
33.900002 191576
34.000000 191576
34.099998 191576
34.200001 191576
34.299999 191576
34.400002 191576
34.500000 191576
34.599998 191576
34.700001 191544
34.799999 191544
34.900002 191544
35.000000 191544
35.099998 191544
35.200001 191544
35.299999 191544
35.400002 191544
35.500000 191544
35.599998 191544
35.700001 191544
35.799999 191544
35.900002 191544
36.000000 191544
36.099998 191544
36.200001 191544
36.299999 191544
36.400002 191544
36.500000 191544
36.599998 191544
36.700001 191544
36.799999 191576
36.900002 191576
37.000000 191576
37.099998 191576
37.200001 191576
37.299999 191576
37.400002 191576
37.500000 191576
37.599998 191576
37.700001 191576
37.799999 191576
37.900002 191576
38.000000 191576
38.099998 191576
38.200001 191576
38.299999 191576
38.400002 191576
38.500000 191576
38.599998 191576
38.700001 191544
38.799999 191536
38.900002 191536
39.000000 191536
39.099998 191536
39.200001 191536
39.299999 191536
39.400002 191536
39.500000 191536
39.599998 191536
39.700001 191536
39.799999 191536
39.900002 191536
40.000000 191536
40.099998 191536
40.200001 191536
40.299999 191536
40.400002 191536
40.500000 191536
40.599998 191536
40.700001 191536
40.799999 191536
40.900002 191536
41.000000 191536
41.099998 191536
41.200001 191536
41.299999 191536
41.400002 191536
41.500000 191536
41.599998 191536
41.700001 191536
41.799999 191536
41.900002 191536
42.000000 191536
42.099998 191536
42.200001 191536
42.299999 191536
42.400002 191536
42.500000 191536
42.599998 191536
42.700001 191504
42.799999 191504
42.900002 191568
43.000000 191568
43.099998 191568
43.200001 191568
43.299999 191568
43.400002 191568
43.500000 191568
43.599998 191568
43.700001 191568
43.799999 191568
43.900002 191568
44.000000 191568
44.099998 191568
44.200001 191568
44.299999 191568
44.400002 191568
44.500000 191568
44.599998 191568
44.700001 191536
44.799999 191536
44.900002 191536
45.000000 191536
45.099998 191536
45.200001 191536
45.299999 191536
45.400002 191536
45.500000 191536
45.599998 191536
45.700001 191536
45.799999 191536
45.900002 191536
46.000000 191536
46.099998 191600
46.200001 191600
46.299999 191600
46.400002 191600
46.500000 191600
46.599998 191600
46.700001 191568
46.799999 191568
46.900002 191568
47.000000 191568
47.099998 191568
47.200001 191568
47.299999 191568
47.400002 191568
47.500000 191568
47.599998 191568
47.700001 191568
47.799999 191568
47.900002 191568
48.000000 191568
48.099998 191568
48.200001 191568
48.299999 191568
48.400002 191568
48.500000 191568
48.599998 191568
48.700001 191536
48.799999 191788
48.900002 191788
49.000000 191788
49.099998 191788
49.200001 191820
49.299999 191820
49.400002 191820
49.500000 191820
49.599998 191820
49.700001 191816
49.799999 191816
49.900002 191816
50.000000 191816
50.099998 191816
50.200001 191816
50.299999 191816
50.400002 191816
50.500000 191816
50.599998 191816
50.700001 191784
50.799999 191784
50.900002 191784
51.000000 191784
51.099998 191784
51.200001 191784
51.299999 191784
51.400002 191784
51.500000 191784
51.599998 191784
51.700001 191784
51.799999 191784
51.900002 191784
52.000000 191784
52.099998 191784
52.200001 191784
52.299999 191784
52.400002 191784
52.500000 191784
52.599998 191784
52.700001 191816
52.799999 191816
52.900002 191816
53.000000 191816
53.099998 191816
53.200001 191816
53.299999 191816
53.400002 191816
53.500000 191816
53.599998 191816
53.700001 191816
53.799999 191816
53.900002 191816
54.000000 191816
54.099998 191816
54.200001 191816
54.299999 191816
54.400002 191816
54.500000 191816
54.599998 191816
54.700001 191776
54.799999 191776
54.900002 191776
55.000000 191776
55.099998 191776
55.200001 191776
55.299999 191776
55.400002 191808
55.500000 191808
55.599998 191808
55.700001 191808
55.799999 191808
55.900002 191808
56.000000 191808
56.099998 191808
56.200001 191808
56.299999 191808
56.400002 191808
56.500000 191808
56.599998 191808
56.700001 191776
56.799999 191776
56.900002 191776
57.000000 191776
57.099998 191776
57.200001 191776
57.299999 191776
57.400002 191776
57.500000 191776
57.599998 191776
57.700001 191776
57.799999 191776
57.900002 191776
58.000000 191776
58.099998 191776
58.200001 191776
58.299999 191776
58.400002 191776
58.500000 191776
58.599998 191776
58.700001 191808
58.799999 191808
58.900002 191808
59.000000 191808
59.099998 191808
59.200001 191808
59.299999 191808
59.400002 191808
59.500000 191808
59.599998 191808
59.700001 191808
59.799999 191808
59.900002 191808
60.000000 191808
60.099998 191808
60.200001 191808
60.299999 191808
60.400002 191808
60.500000 191808
60.599998 191808
60.700001 191776
60.799999 191776
60.900002 191776
61.000000 191776
61.099998 191776
61.200001 191776
61.299999 191776
61.400002 191776
61.500000 191776
61.599998 191776
61.700001 191800
61.799999 191800
61.900002 191800
62.000000 191800
62.099998 191800
62.200001 191800
62.299999 191800
62.400002 191800
62.500000 191800
62.599998 191800
62.700001 191768
62.799999 191768
62.900002 191768
63.000000 191768
63.099998 191768
63.200001 191768
63.299999 191768
63.400002 191768
63.500000 191768
63.599998 191768
63.700001 191800
63.799999 191800
63.900002 191800
64.000000 191800
64.099998 191800
64.199997 191800
64.300003 191800
64.400002 191800
64.500000 191800
64.599998 191768
64.699997 191768
64.800003 191768
64.900002 191832
65.000000 191832
65.099998 191832
65.199997 191832
65.300003 191832
65.400002 191832
65.500000 191832
65.599998 191832
65.699997 191800
65.800003 191800
65.900002 191800
66.000000 191800
66.099998 191800
66.199997 191800
66.300003 191800
66.400002 191800
66.500000 191800
66.599998 191800
66.699997 191800
66.800003 191800
66.900002 191800
67.000000 191800
67.099998 191800
67.199997 191800
67.300003 191800
67.400002 191800
67.500000 191800
67.599998 191768
67.699997 191768
67.800003 191768
67.900002 191768
68.000000 191768
68.099998 191768
68.199997 191768
68.300003 191768
68.400002 191768
68.500000 191768
68.599998 191800
68.699997 191800
68.800003 191800
68.900002 191800
69.000000 191800
69.099998 191800
69.199997 191800
69.300003 191800
69.400002 191800
69.500000 191800
69.599998 191800
69.699997 191800
69.800003 191800
69.900002 191800
70.000000 191800
70.099998 191800
70.199997 191800
70.300003 191800
70.400002 191800
70.500000 191800
70.599998 191768
70.699997 191768
70.800003 191768
70.900002 191768
71.000000 191768
71.099998 191768
71.199997 191768
71.300003 191768
71.400002 191768
71.500000 191768
71.599998 191800
71.699997 191800
71.800003 191800
71.900002 191800
72.000000 191800
72.099998 191800
72.199997 191800
72.300003 191800
72.400002 191800
72.500000 191800
72.599998 191768
72.699997 191768
72.800003 191768
72.900002 191768
73.000000 191768
73.099998 191768
73.199997 191768
73.300003 191768
73.400002 191768
73.500000 191768
73.599998 191768
73.699997 191764
73.800003 191764
73.900002 191764
74.000000 191764
74.099998 191764
74.199997 191764
74.300003 191764
74.400002 191764
74.500000 191764
74.599998 191796
74.699997 191796
74.800003 191796
74.900002 191796
75.000000 191796
75.099998 191796
75.199997 191796
75.300003 191796
75.400002 191796
75.500000 191796
75.599998 191764
75.699997 191764
75.800003 191764
75.900002 191764
76.000000 191764
76.099998 191764
76.199997 191828
76.300003 191828
76.400002 191828
76.500000 191828
76.599998 191796
76.699997 191796
76.800003 191796
76.900002 191796
77.000000 191796
77.099998 191796
77.199997 191796
77.300003 191796
77.400002 191796
77.500000 191796
77.599998 191764
77.699997 191764
77.800003 191764
77.900002 191764
78.000000 191764
78.099998 191764
78.199997 191764
78.300003 191764
78.400002 191764
78.500000 191764
78.599998 191764
78.699997 191764
78.800003 191764
78.900002 191764
79.000000 191764
79.099998 191764
79.199997 191764
79.300003 191764
79.400002 191764
79.500000 191764
79.599998 191788
79.699997 191788
79.800003 191788
79.900002 191788
80.000000 191788
80.099998 191788
80.199997 191788
80.300003 191788
80.400002 191788
80.500000 191788
80.599998 191756
80.699997 191756
80.800003 191756
80.900002 191756
81.000000 191756
81.099998 191756
81.199997 191756
81.300003 191756
81.400002 191756
81.500000 191756
81.599998 191756
81.699997 191756
81.800003 191756
81.900002 191756
82.000000 191756
82.099998 191756
82.199997 191756
82.300003 191756
82.400002 191756
82.500000 191756
82.599998 191788
82.699997 191788
82.800003 191788
82.900002 191788
83.000000 191788
83.099998 191788
83.199997 191788
83.300003 191788
83.400002 191788
83.500000 191788
83.599998 191756
83.699997 191756
83.800003 191756
83.900002 191756
84.000000 191756
84.099998 191756
84.199997 191756
84.300003 191756
84.400002 191756
84.500000 191756
84.599998 191756
84.699997 191756
84.800003 191756
84.900002 191756
85.000000 191756
85.099998 191756
85.199997 191756
85.300003 191756
85.400002 191756
85.500000 191756
85.599998 191716
85.699997 191716
85.800003 191780
85.900002 191780
86.000000 191780
86.099998 191780
86.199997 191780
86.300003 191780
86.400002 191780
86.500000 191780
86.599998 191748
86.699997 191748
86.800003 191748
86.900002 191748
87.000000 191748
87.099998 191748
87.199997 191748
87.300003 191748
87.400002 191812
87.500000 191812
87.599998 191780
87.699997 191780
87.800003 191780
87.900002 191780
88.000000 191780
88.099998 191780
88.199997 191780
88.300003 191780
88.400002 191780
88.500000 191780
88.599998 191748
88.699997 191748
88.800003 191748
88.900002 191748
89.000000 191748
89.099998 191748
89.199997 191748
89.300003 191748
89.400002 191748
89.500000 191748
89.599998 191748
89.699997 191748
89.800003 191748
89.900002 191748
90.000000 191748
90.099998 191748
90.199997 191748
90.300003 191748
90.400002 191748
90.500000 191748
90.599998 191780
90.699997 191780
90.800003 191780
90.900002 191780
91.000000 191780
91.099998 191780
91.199997 191780
91.300003 191780
91.400002 191780
91.500000 191780
91.599998 191748
91.699997 191748
91.800003 191748
91.900002 191748
92.000000 191748
92.099998 191748
92.199997 191748
92.300003 191748
92.400002 191748
92.500000 191748
92.599998 191748
92.699997 191748
92.800003 191748
92.900002 191748
93.000000 191748
93.099998 191748
93.199997 191748
93.300003 191748
93.400002 191748
93.500000 191748
93.599998 191748
93.699997 191748
93.800003 191748
93.900002 191748
94.000000 191748
94.099998 191748
94.199997 191748
94.300003 191748
94.400002 191748
94.500000 191748
94.599998 191780
94.699997 191780
94.800003 191780
94.900002 191780
95.000000 191780
95.099998 191780
95.199997 191780
95.300003 191780
95.400002 191780
95.500000 191780
95.599998 191780
95.699997 191780
95.800003 191780
95.900002 191780
96.000000 191780
96.099998 191780
96.199997 191780
96.300003 191780
96.400002 191780
96.500000 191780
96.599998 191748
96.699997 191748
96.800003 191748
96.900002 191748
97.000000 191748
97.099998 191748
97.199997 191748
97.300003 191748
97.400002 191748
97.500000 191780
97.599998 191776
97.699997 191776
97.800003 191776
97.900002 191776
98.000000 191776
98.099998 191776
98.199997 191776
98.300003 191776
98.400002 191776
98.500000 191776
98.599998 191744
98.699997 191744
98.800003 191744
98.900002 191744
99.000000 191744
99.099998 191744
99.199997 191744
99.300003 191744
99.400002 191744
99.500000 191744
99.599998 191744
99.699997 191744
99.800003 191744
99.900002 191744
100.000000 191744
100.099998 191744
100.199997 191744
100.300003 191744
100.400002 191744
100.500000 191744
100.599998 191776
100.699997 191776
100.800003 191776
100.900002 191776
101.000000 191776
101.099998 191776
101.199997 191776
101.300003 191776
101.400002 191776
101.500000 191776
101.599998 191776
101.699997 191776
101.800003 191776
101.900002 191776
102.000000 191776
102.099998 191776
102.199997 191776
102.300003 191776
102.400002 191776
102.500000 191776
102.599998 191744
102.699997 191736
102.800003 191736
102.900002 191736
103.000000 191736
103.099998 191736
103.199997 191736
103.300003 191736
103.400002 191736
103.500000 191736
103.599998 191736
103.699997 191800
103.800003 191800
103.900002 191800
104.000000 191800
104.099998 191800
104.199997 191800
104.300003 191800
104.400002 191800
104.500000 191800
104.599998 191768
104.699997 191768
104.800003 191768
104.900002 191768
105.000000 191768
105.099998 191768
105.199997 191768
105.300003 191768
105.400002 191768
105.500000 191768
105.599998 191768
105.699997 191768
105.800003 191768
105.900002 191768
106.000000 191768
106.099998 191768
106.199997 191768
106.300003 191768
106.400002 191768
106.500000 191768
106.599998 191736
106.699997 191736
106.800003 191768
106.900002 191768
107.000000 191768
107.099998 191768
107.199997 191768
107.300003 191768
107.400002 191768
107.500000 191768
107.599998 191768
107.699997 191768
107.800003 191768
107.900002 191768
108.000000 191768
108.099998 191768
108.199997 191768
108.300003 191768
108.400002 191768
108.500000 191768
108.599998 191736
108.699997 191736
108.800003 191736
108.900002 191736
109.000000 191736
109.099998 191736
109.199997 191736
109.300003 191736
109.400002 191736
109.500000 191736
109.599998 191736
109.699997 191736
109.800003 191736
109.900002 191736
110.000000 191736
110.099998 191736
110.199997 191736
110.300003 191736
110.400002 191736
110.500000 191736
110.599998 191768
110.699997 191768
110.800003 191768
110.900002 191768
111.000000 191768
111.099998 191768
111.199997 191768
111.300003 191768
111.400002 191768
111.500000 191768
111.599998 191768
111.699997 191768
111.800003 191768
111.900002 191768
112.000000 191768
112.099998 191768
112.199997 191768
112.300003 191768
112.400002 191768
112.500000 191768
112.599998 191736
112.699997 191736
112.800003 191736
112.900002 191736
113.000000 191736
113.099998 191768
113.199997 191768
113.300003 191768
113.400002 191768
113.500000 191768
113.599998 191768
113.699997 191768
113.800003 191768
113.900002 191768
114.000000 191768
114.099998 191768
114.199997 191768
114.300003 191768
114.400002 191768
114.500000 191768
114.599998 191736
114.699997 191736
114.800003 191736
114.900002 191736
115.000000 191736
115.099998 191736
115.199997 191736
115.300003 191736
115.400002 191736
115.500000 191736
115.599998 191736
115.699997 191736
115.800003 191736
115.900002 191736
116.000000 191736
116.099998 191736
116.199997 191736
116.300003 191736
116.400002 191736
116.500000 191736
116.599998 191768
116.699997 191768
116.800003 191768
116.900002 191768
117.000000 191768
117.099998 191768
117.199997 191768
117.300003 191768
117.400002 191768
117.500000 191768
117.599998 191768
117.699997 191768
117.800003 191768
117.900002 191768
118.000000 191768
118.099998 191768
118.199997 191768
118.300003 191768
118.400002 191768
118.500000 191768
118.599998 191736
118.699997 191736
118.800003 191736
118.900002 191736
119.000000 191736
119.099998 191736
119.199997 191736
119.300003 191736
119.400002 191768
119.500000 191768
119.599998 191768
119.699997 191768
119.800003 191768
119.900002 191768
120.000000 191768
