0.000000 191768
0.100000 191768
0.200000 191768
0.300000 191768
0.400000 191768
0.500000 191768
0.600000 191728
0.700000 191728
0.800000 191728
0.900000 191728
1.000000 191728
1.100000 191728
1.200000 191728
1.300000 191728
1.400000 191728
1.500000 191728
1.600000 191728
1.700000 191728
1.800000 191728
1.900000 191728
2.000000 191728
2.100000 191728
2.200000 191728
2.300000 191728
2.400000 191728
2.500000 191728
2.600000 191760
2.700000 191760
2.800000 191760
2.900000 191760
3.000000 191760
3.100000 191760
3.200000 191760
3.300000 191760
3.400000 191760
3.500000 191760
3.600000 191760
3.700000 191760
3.800000 191760
3.900000 191760
4.000000 191760
4.100000 191760
4.200000 191760
4.300000 191760
4.400000 191760
4.500000 191760
4.600000 191728
4.700000 191728
4.800000 191728
4.900000 191728
5.000000 191728
5.100000 191728
5.200000 191728
5.300000 191728
5.400000 191728
5.500000 191792
5.600000 191792
5.700000 191792
5.800000 191792
5.900000 191792
6.000000 191792
6.100000 191792
6.200000 191792
6.300000 191792
6.400000 191792
6.500000 191792
6.600000 191752
6.700000 191752
6.800000 191752
6.900000 191752
7.000000 191752
7.100000 191752
7.200000 191752
7.300000 191752
7.400000 191752
7.500000 191752
7.600000 191720
7.700000 191720
7.800000 191720
7.900000 191720
8.000000 191720
8.100000 191720
8.200000 191720
8.300000 191720
8.400000 191720
8.500000 191720
8.600000 191720
8.700000 191720
8.800000 191720
8.900000 191720
9.000000 191720
9.100000 191720
9.200000 191720
9.300000 191720
9.400000 191720
9.500000 191720
9.600000 191752
9.700000 191752
9.800000 191752
9.900000 191752
10.000000 191752
10.100000 191752
10.200000 191752
10.300000 191752
10.400000 191752
10.500000 191752
10.600000 191720
10.700000 191720
10.800000 191720
10.900000 191720
11.000000 191720
11.100000 191720
11.200000 191720
11.300000 191720
11.400000 191720
11.500000 191720
11.600000 191720
11.700000 191720
11.800000 191720
11.900000 191720
12.000000 191720
12.100000 191720
12.200000 191720
12.300000 191720
12.400000 191720
12.500000 191720
12.600000 191688
12.700000 191688
12.800000 191752
12.900000 191752
13.000000 191752
13.100000 191752
13.200000 191752
13.300000 191752
13.400000 191752
13.500000 191752
13.600000 191720
13.700000 191720
13.800000 191720
13.900000 191720
14.000000 191720
14.100000 191720
14.200000 191720
14.300000 191720
14.400000 191720
14.500000 191752
14.600000 191752
14.700000 191720
14.800000 191720
14.900000 191720
15.000000 191720
15.100000 191720
15.200000 191720
15.300000 191720
15.400000 191720
15.500000 191720
15.600000 191720
15.700000 191720
15.800000 191720
15.900000 191720
16.000000 191720
16.100000 191720
16.200001 191720
16.299999 191720
16.400000 191720
16.500000 191720
16.600000 191720
16.700001 191720
16.799999 191720
16.900000 191720
17.000000 191720
17.100000 191720
17.200001 191720
17.299999 191720
17.400000 191720
17.500000 191720
17.600000 191752
17.700001 191752
17.799999 191752
17.900000 191752
18.000000 191752
18.100000 191500
18.200001 191500
18.299999 191500
18.400000 191500
18.500000 191500
18.600000 191468
18.700001 191468
18.799999 191468
18.900000 191468
19.000000 191468
19.100000 191468
19.200001 191468
19.299999 191468
19.400000 191532
19.500000 191532
19.600000 191500
19.700001 191500
19.799999 191500
19.900000 191500
20.000000 191500
20.100000 191500
20.200001 191500
20.299999 191500
20.400000 191468
20.500000 191468
20.600000 191468
20.700001 191468
20.799999 191468
20.900000 191468
21.000000 191468
21.100000 191468
21.200001 191468
21.299999 191468
21.400000 191468
21.500000 191468
21.600000 191500
21.700001 191500
21.799999 191500
21.900000 191500
22.000000 191500
22.100000 191500
22.200001 191500
22.299999 191500
22.400000 191468
22.500000 191468
22.600000 191468
22.700001 191468
22.799999 191468
22.900000 191468
23.000000 191468
23.100000 191468
23.200001 191468
23.299999 191468
23.400000 191468
23.500000 191468
23.600000 191468
23.700001 191468
23.799999 191468
23.900000 191468
24.000000 191468
24.100000 191468
24.200001 191468
24.299999 191468
24.400000 191468
24.500000 191468
24.600000 191500
24.700001 191500
24.799999 191500
24.900000 191500
25.000000 191500
25.100000 191500
25.200001 191500
25.299999 191500
25.400000 191500
25.500000 191500
25.600000 191496
25.700001 191496
25.799999 191496
25.900000 191496
26.000000 191496
26.100000 191496
26.200001 191496
26.299999 191496
26.400000 191496
26.500000 191464
26.600000 191464
26.700001 191464
26.799999 191464
26.900000 191464
27.000000 191464
27.100000 191464
27.200001 191464
27.299999 191464
27.400000 191464
27.500000 191464
27.600000 191464
27.700001 191464
27.799999 191464
27.900000 191464
28.000000 191464
28.100000 191464
28.200001 191464
28.299999 191464
28.400000 191464
28.500000 191464
28.600000 191464
28.700001 191464
28.799999 191464
28.900000 191464
29.000000 191464
29.100000 191464
29.200001 191464
29.299999 191464
29.400000 191464
29.500000 191464
29.600000 191464
29.700001 191464
29.799999 191464
29.900000 191464
30.000000 191464
30.100000 191464
30.200001 191464
30.299999 191464
30.400000 191464
30.500000 191464
30.600000 191424
30.700001 191424
30.799999 191488
30.900000 191488
31.000000 191488
31.100000 191488
31.200001 191488
31.299999 191488
31.400000 191488
31.500000 191488
31.600000 191488
31.700001 191488
31.799999 191488
31.900000 191488
32.000000 191488
32.099998 191488
32.200001 191488
32.299999 191488
32.400002 191488
32.500000 191488
32.599998 191456
32.700001 191456
32.799999 191456
32.900002 191456
33.000000 191456
33.099998 191456
33.200001 191456
33.299999 191456
33.400002 191456
33.500000 191456
33.599998 191456
33.700001 191456
33.799999 191456
33.900002 191456
34.000000 191456
34.099998 191456
34.200001 191456
34.299999 191456
34.400002 191456
34.500000 191456
34.599998 191456
34.700001 191456
34.799999 191456
34.900002 191456
35.000000 191456
35.099998 191456
35.200001 191456
35.299999 191456
35.400002 191456
35.500000 191456
35.599998 191456
35.700001 191456
35.799999 191456
35.900002 191456
36.000000 191456
36.099998 191456
36.200001 191456
36.299999 191456
36.400002 191456
36.500000 191456
36.599998 191424
36.700001 191416
36.799999 191416
36.900002 191416
37.000000 191416
37.099998 191480
37.200001 191480
37.299999 191480
37.400002 191480
37.500000 191480
37.599998 191480
37.700001 191480
37.799999 191480
37.900002 191480
38.000000 191480
38.099998 191480
38.200001 191480
38.299999 191480
38.400002 191480
38.500000 191480
38.599998 191448
38.700001 191448
38.799999 191448
38.900002 191448
39.000000 191448
39.099998 191448
39.200001 191448
39.299999 191448
39.400002 191448
39.500000 191448
39.599998 191448
39.700001 191448
39.799999 191448
39.900002 191448
40.000000 191448
40.099998 191448
40.200001 191448
40.299999 191512
40.400002 191512
40.500000 191512
40.599998 191480
40.700001 191480
40.799999 191480
40.900002 191480
41.000000 191480
41.099998 191480
41.200001 191480
41.299999 191480
41.400002 191480
41.500000 191480
41.599998 191480
41.700001 191480
41.799999 191480
41.900002 191480
42.000000 191480
42.099998 191480
42.200001 191480
42.299999 191480
42.400002 191480
42.500000 191480
42.599998 191448
42.700001 191448
42.799999 191448
42.900002 191448
43.000000 191448
43.099998 191448
43.200001 191448
43.299999 191448
43.400002 191480
43.500000 191480
43.599998 191480
43.700001 191480
43.799999 191480
43.900002 191480
44.000000 191480
44.099998 191480
44.200001 191480
44.299999 191480
44.400002 191480
44.500000 191480
44.599998 191448
44.700001 191448
44.799999 191448
44.900002 191448
45.000000 191448
45.099998 191448
45.200001 191448
45.299999 191448
45.400002 191448
45.500000 191448
45.599998 191448
45.700001 191448
45.799999 191448
45.900002 191448
46.000000 191448
46.099998 191448
46.200001 191448
46.299999 191448
46.400002 191448
46.500000 191448
46.599998 191480
46.700001 191480
46.799999 191480
46.900002 191480
47.000000 191480
47.099998 191480
47.200001 191480
47.299999 191480
47.400002 191480
47.500000 191480
47.599998 191480
47.700001 191480
47.799999 191480
47.900002 191480
48.000000 191480
48.099998 191480
48.200001 191480
48.299999 191480
48.400002 191480
48.500000 191480
48.599998 191448
48.700001 191448
48.799999 191448
48.900002 191448
49.000000 191448
49.099998 191448
49.200001 191448
49.299999 191448
49.400002 191448
49.500000 191448
49.599998 191452
49.700001 191484
49.799999 191484
49.900002 191484
50.000000 191484
50.099998 191484
50.200001 191484
50.299999 191484
50.400002 191484
50.500000 191484
50.599998 191452
50.700001 191452
50.799999 191452
50.900002 191452
51.000000 191452
51.099998 191452
51.200001 191452
51.299999 191452
51.400002 191452
51.500000 191452
51.599998 191452
51.700001 191452
51.799999 191452
51.900002 191452
52.000000 191452
52.099998 191452
52.200001 191452
52.299999 191452
52.400002 191452
52.500000 191452
52.599998 191420
52.700001 191420
52.799999 191484
52.900002 191484
53.000000 191484
53.099998 191484
53.200001 191484
53.299999 191484
53.400002 191484
53.500000 191484
53.599998 191484
53.700001 191484
53.799999 191484
53.900002 191484
54.000000 191484
54.099998 191484
54.200001 191484
54.299999 191484
54.400002 191484
54.500000 191484
54.599998 191444
54.700001 191444
54.799999 191444
54.900002 191444
55.000000 191444
55.099998 191444
55.200001 191444
55.299999 191444
55.400002 191444
55.500000 191444
55.599998 191444
55.700001 191444
55.799999 191444
55.900002 191444
56.000000 191444
56.099998 191444
56.200001 191444
56.299999 191444
56.400002 191444
56.500000 191444
56.599998 191444
56.700001 191444
56.799999 191444
56.900002 191444
57.000000 191444
57.099998 191444
57.200001 191444
57.299999 191444
57.400002 191444
57.500000 191444
57.599998 191444
57.700001 191444
57.799999 191444
57.900002 191444
58.000000 191444
58.099998 191444
58.200001 191444
58.299999 191444
58.400002 191444
58.500000 191444
58.599998 191412
58.700001 191412
58.799999 191412
58.900002 191412
59.000000 191412
59.099998 191476
59.200001 191476
59.299999 191476
59.400002 191476
59.500000 191476
59.599998 191476
59.700001 191476
59.799999 191476
59.900002 191476
60.000000 191476
60.099998 191476
60.200001 191476
60.299999 191476
60.400002 191476
60.500000 191476
60.599998 191444
60.700001 191444
60.799999 191444
60.900002 191444
61.000000 191444
61.099998 191444
61.200001 191444
61.299999 191444
61.400002 191444
61.500000 191444
61.599998 191444
61.700001 191444
61.799999 191444
61.900002 191444
62.000000 191444
62.099998 191444
62.200001 191508
62.299999 191508
62.400002 191508
62.500000 191508
62.599998 191476
62.700001 191476
62.799999 191476
62.900002 191476
63.000000 191476
63.099998 191476
63.200001 191476
63.299999 191476
63.400002 191476
63.500000 191476
63.599998 191476
63.700001 191476
63.799999 191476
63.900002 191476
64.000000 191476
64.099998 191476
64.199997 191476
64.300003 191476
64.400002 191476
64.500000 191476
64.599998 191444
64.699997 191444
64.800003 191444
64.900002 191444
65.000000 191444
65.099998 191444
65.199997 191444
65.300003 191444
65.400002 191476
65.500000 191476
65.599998 191476
65.699997 191476
65.800003 191476
65.900002 191476
66.000000 191476
66.099998 191476
66.199997 191476
66.300003 191476
66.400002 191476
66.500000 191476
66.599998 191444
66.699997 191444
66.800003 191444
66.900002 191444
67.000000 191444
67.099998 191444
67.199997 191444
67.300003 191444
67.400002 191444
67.500000 191444
67.599998 191444
67.699997 191444
67.800003 191444
67.900002 191444
68.000000 191444
68.099998 191444
68.199997 191444
68.300003 191444
68.400002 191444
68.500000 191476
68.599998 191476
68.699997 191476
68.800003 191476
68.900002 191476
69.000000 191476
69.099998 191476
69.199997 191476
69.300003 191476
69.400002 191476
69.500000 191476
69.599998 191476
69.699997 191476
69.800003 191476
69.900002 191476
70.000000 191476
70.099998 191476
70.199997 191476
70.300003 191476
70.400002 191476
70.500000 191444
70.599998 191444
70.699997 191444
70.800003 191444
70.900002 191444
71.000000 191444
71.099998 191444
71.199997 191444
71.300003 191444
71.400002 191444
71.500000 191476
71.599998 191476
71.699997 191476
71.800003 191476
71.900002 191476
72.000000 191476
72.099998 191476
72.199997 191476
72.300003 191476
72.400002 191476
72.500000 191444
72.599998 191444
72.699997 191444
72.800003 191444
72.900002 191444
73.000000 191444
73.099998 191444
73.199997 191444
73.300003 191444
73.400002 191444
73.500000 191444
73.599998 191440
73.699997 191440
73.800003 191440
73.900002 191440
74.000000 191440
74.099998 191440
74.199997 191440
74.300003 191440
74.400002 191440
74.500000 191472
74.599998 191472
74.699997 191472
74.800003 191472
74.900002 191472
75.000000 191472
75.099998 191472
75.199997 191472
75.300003 191472
75.400002 191472
75.500000 191472
75.599998 191472
75.699997 191472
75.800003 191472
75.900002 191472
76.000000 191472
76.099998 191472
76.199997 191472
76.300003 191472
76.400002 191472
76.500000 191472
76.599998 191472
76.699997 191440
76.800003 191440
76.900002 191440
77.000000 191440
77.099998 191440
77.199997 191440
77.300003 191440
77.400002 191440
77.500000 191504
77.599998 191504
77.699997 191504
77.800003 191504
77.900002 191504
78.000000 191504
78.099998 191504
78.199997 191504
78.300003 191504
78.400002 191504
78.500000 191472
78.599998 191472
78.699997 191472
78.800003 191472
78.900002 191472
79.000000 191472
79.099998 191472
79.199997 191472
79.300003 191472
79.400002 191472
79.500000 191464
79.599998 191464
79.699997 191464
79.800003 191464
79.900002 191464
80.000000 191464
80.099998 191464
80.199997 191464
80.300003 191464
80.400002 191464
80.500000 191432
80.599998 191432
80.699997 191432
80.800003 191432
80.900002 191432
81.000000 191432
81.099998 191432
81.199997 191432
81.300003 191432
81.400002 191432
81.500000 191464
81.599998 191464
81.699997 191464
81.800003 191464
81.900002 191464
82.000000 191464
82.099998 191464
82.199997 191464
82.300003 191464
82.400002 191464
82.500000 191432
82.599998 191432
82.699997 191432
82.800003 191432
82.900002 191432
83.000000 191432
83.099998 191432
83.199997 191432
83.300003 191432
83.400002 191432
83.500000 191432
83.599998 191432
83.699997 191432
83.800003 191432
83.900002 191432
84.000000 191432
84.099998 191432
84.199997 191432
84.300003 191432
84.400002 191432
84.500000 191432
84.599998 191460
84.699997 191460
84.800003 191460
84.900002 191460
85.000000 191460
85.099998 191460
85.199997 191460
85.300003 191460
85.400002 191460
85.500000 191456
85.599998 191456
85.699997 191456
85.800003 191456
85.900002 191456
86.000000 191456
86.099998 191456
86.199997 191456
86.300003 191456
86.400002 191456
86.500000 191424
86.599998 191424
86.699997 191424
86.800003 191424
86.900002 191424
87.000000 191424
87.099998 191424
87.199997 191424
87.300003 191424
87.400002 191424
87.500000 191456
87.599998 191456
87.699997 191456
87.800003 191456
87.900002 191456
88.000000 191456
88.099998 191456
88.199997 191456
88.300003 191456
88.400002 191456
88.500000 191424
88.599998 191424
88.699997 191424
88.800003 191424
88.900002 191424
89.000000 191424
89.099998 191424
89.199997 191424
89.300003 191424
89.400002 191424
89.500000 191424
89.599998 191424
89.699997 191424
89.800003 191424
89.900002 191424
90.000000 191424
90.099998 191424
90.199997 191424
90.300003 191424
90.400002 191424
90.500000 191424
90.599998 191456
90.699997 191456
90.800003 191456
90.900002 191456
91.000000 191456
91.099998 191456
91.199997 191456
91.300003 191456
91.400002 191456
91.500000 191456
91.599998 191456
91.699997 191456
91.800003 191456
91.900002 191456
92.000000 191456
92.099998 191456
92.199997 191456
92.300003 191456
92.400002 191456
92.500000 191456
92.599998 191424
92.699997 191424
92.800003 191424
92.900002 191424
93.000000 191424
93.099998 191424
93.199997 191424
93.300003 191424
93.400002 191424
93.500000 191456
93.599998 191456
93.699997 191456
93.800003 191456
93.900002 191456
94.000000 191456
94.099998 191456
94.199997 191456
94.300003 191456
94.400002 191456
94.500000 191424
94.599998 191424
94.699997 191424
94.800003 191424
94.900002 191424
95.000000 191424
95.099998 191424
95.199997 191424
95.300003 191424
95.400002 191424
95.500000 191424
95.599998 191424
95.699997 191424
95.800003 191424
95.900002 191424
96.000000 191424
96.099998 191424
96.199997 191424
96.300003 191424
96.400002 191424
96.500000 191424
96.599998 191456
96.699997 191456
96.800003 191456
96.900002 191456
97.000000 191456
97.099998 191456
97.199997 191456
97.300003 191456
97.400002 191456
97.500000 191452
97.599998 191452
97.699997 191452
97.800003 191452
97.900002 191452
98.000000 191452
98.099998 191452
98.199997 191452
98.300003 191452
98.400002 191452
98.500000 191420
98.599998 191420
98.699997 191420
98.800003 191420
98.900002 191420
99.000000 191420
99.099998 191420
99.199997 191420
99.300003 191420
99.400002 191420
99.500000 191484
99.599998 191484
99.699997 191484
99.800003 191484
99.900002 191484
100.000000 191484
100.099998 191484
100.199997 191484
100.300003 191484
100.400002 191484
100.500000 191452
100.599998 191452
100.699997 191452
100.800003 191452
100.900002 191452
101.000000 191452
101.099998 191452
101.199997 191452
101.300003 191452
101.400002 191452
101.500000 191452
101.599998 191452
101.699997 191452
101.800003 191452
101.900002 191452
102.000000 191452
102.099998 191452
102.199997 191452
102.300003 191452
102.400002 191452
102.500000 191452
102.599998 191452
102.699997 191452
102.800003 191452
102.900002 191452
103.000000 191452
103.099998 191452
103.199997 191452
103.300003 191452
103.400002 191452
103.500000 191444
103.599998 191444
103.699997 191444
103.800003 191444
103.900002 191444
104.000000 191444
104.099998 191444
104.199997 191444
104.300003 191444
104.400002 191444
104.500000 191412
104.599998 191412
104.699997 191412
104.800003 191412
104.900002 191412
105.000000 191412
105.099998 191412
105.199997 191412
105.300003 191412
105.400002 191412
105.500000 191412
105.599998 191412
105.699997 191412
105.800003 191412
105.900002 191412
106.000000 191412
106.099998 191412
106.199997 191412
106.300003 191412
106.400002 191412
106.500000 191444
106.599998 191444
106.699997 191444
106.800003 191444
106.900002 191444
107.000000 191444
107.099998 191444
107.199997 191444
107.300003 191444
107.400002 191444
107.500000 191444
107.599998 191444
107.699997 191412
107.800003 191412
107.900002 191412
108.000000 191412
108.099998 191412
108.199997 191412
108.300003 191412
108.400002 191412
108.500000 191412
108.599998 191412
108.699997 191412
108.800003 191412
108.900002 191412
109.000000 191412
109.099998 191412
109.199997 191412
109.300003 191412
109.400002 191412
109.500000 191444
109.599998 191444
109.699997 191412
109.800003 191412
109.900002 191412
110.000000 191412
110.099998 191412
110.199997 191412
110.300003 191412
110.400002 191412
110.500000 191412
110.599998 191412
110.699997 191412
110.800003 191412
110.900002 191412
111.000000 191412
111.099998 191412
111.199997 191412
111.300003 191412
111.400002 191412
111.500000 191412
111.599998 191412
111.699997 191412
111.800003 191412
111.900002 191412
112.000000 191412
112.099998 191412
112.199997 191412
112.300003 191412
112.400002 191412
112.500000 191412
112.599998 191444
112.699997 191444
112.800003 191444
112.900002 191444
113.000000 191444
113.099998 191444
113.199997 191444
113.300003 191444
113.400002 191444
113.500000 191444
113.599998 191444
113.699997 191444
113.800003 191444
113.900002 191444
114.000000 191444
114.099998 191444
114.199997 191444
114.300003 191444
114.400002 191444
114.500000 191412
114.599998 191412
114.699997 191412
114.800003 191412
114.900002 191412
115.000000 191412
115.099998 191412
115.199997 191444
115.300003 191444
115.400002 191444
115.500000 191444
115.599998 191444
115.699997 191444
115.800003 191444
115.900002 191444
116.000000 191444
116.099998 191444
116.199997 191444
116.300003 191444
116.400002 191444
116.500000 191444
116.599998 191412
116.699997 191412
116.800003 191412
116.900002 191412
117.000000 191412
117.099998 191412
117.199997 191412
117.300003 191412
117.400002 191412
117.500000 191412
117.599998 191412
117.699997 191412
117.800003 191412
117.900002 191412
118.000000 191412
118.099998 191412
118.199997 191412
118.300003 191412
118.400002 191412
118.500000 191444
118.599998 191444
118.699997 191444
118.800003 191444
118.900002 191444
119.000000 191444
119.099998 191444
119.199997 191444
119.300003 191444
119.400002 191444
119.500000 191444
119.599998 191444
119.699997 191412
119.800003 191412
119.900002 191412
120.000000 191412
