0.000000 191412
0.100000 191412
0.200000 191412
0.300000 191412
0.400000 191412
0.500000 191404
0.600000 191404
0.700000 191404
0.800000 191404
0.900000 191404
1.000000 191404
1.100000 191404
1.200000 191468
1.300000 191468
1.400000 191468
1.500000 191436
1.600000 191436
1.700000 191436
1.800000 191436
1.900000 191436
2.000000 191436
2.100000 191436
2.200000 191436
2.300000 191436
2.400000 191436
2.500000 191436
2.600000 191436
2.700000 191436
2.800000 191436
2.900000 191436
3.000000 191436
3.100000 191436
3.200000 191436
3.300000 191436
3.400000 191436
3.500000 191436
3.600000 191404
3.700000 191404
3.800000 191404
3.900000 191404
4.000000 191404
4.100000 191404
4.200000 191404
4.300000 191436
4.400000 191436
4.500000 191436
4.600000 191436
4.700000 191436
4.800000 191436
4.900000 191436
5.000000 191436
5.100000 191436
5.200000 191436
5.300000 191436
5.400000 191436
5.500000 191404
5.600000 191404
5.700000 191404
5.800000 191396
5.900000 191396
6.000000 191396
6.100000 191396
6.200000 191396
6.300000 191396
6.400000 191396
6.500000 191396
6.600000 191396
6.700000 191396
6.800000 191396
6.900000 191396
7.000000 191396
7.100000 191396
7.200000 191396
7.300000 191396
7.400000 191396
7.500000 191396
7.600000 191428
7.700000 191428
7.800000 191428
7.900000 191428
8.000000 191428
8.100000 191428
8.200000 191428
8.300000 191428
8.400000 191428
8.500000 191428
8.600000 191428
8.700000 191428
8.800000 191428
8.900000 191428
9.000000 191428
9.100000 191428
9.200000 191428
9.300000 191428
9.400000 191428
9.500000 191396
9.600000 191396
9.700000 191396
9.800000 191396
9.900000 191396
10.000000 191396
10.100000 191396
10.200000 191396
10.300000 191396
10.400000 191396
10.500000 191396
10.600000 191396
10.700000 191396
10.800000 191396
10.900000 191396
11.000000 191396
11.100000 191396
11.200000 191396
11.300000 191396
11.400000 191396
11.500000 191396
11.600000 191396
11.700000 191396
11.800000 191396
11.900000 191396
12.000000 191396
12.100000 191396
12.200000 191396
12.300000 191396
12.400000 191396
12.500000 191428
12.600000 191428
12.700000 191428
12.800000 191428
12.900000 191428
13.000000 191428
13.100000 191428
13.200000 191428
13.300000 191428
13.400000 191428
13.500000 191396
13.600000 191396
13.700000 191396
13.800000 191396
13.900000 191396
14.000000 191396
14.100000 191396
14.200000 191396
14.300000 191396
14.400000 191396
14.500000 191396
14.600000 191396
14.700000 191396
14.800000 191396
14.900000 191396
15.000000 191396
15.100000 191396
15.200000 191396
15.300000 191396
15.400000 191396
15.500000 191428
15.600000 191428
15.700000 191428
15.800000 191428
15.900000 191428
16.000000 191428
16.100000 191428
16.200001 191428
16.299999 191428
16.400000 191428
16.500000 191396
16.600000 191396
16.700001 191396
16.799999 191396
16.900000 191396
17.000000 191460
17.100000 191460
17.200001 191460
17.299999 191460
17.400000 191460
17.500000 191428
17.600000 191428
17.700001 191428
17.799999 191428
17.900000 191428
18.000000 191428
18.100000 191428
18.200001 191428
18.299999 191428
18.400000 191428
18.500000 191396
18.600000 191396
18.700001 191396
18.799999 191396
18.900000 191396
19.000000 191396
19.100000 191396
19.200001 191396
19.299999 191396
19.400000 191396
19.500000 191396
19.600000 191396
19.700001 191396
19.799999 191396
19.900000 191396
20.000000 191396
20.100000 191396
20.200001 191396
20.299999 191396
20.400000 191396
20.500000 191428
20.600000 191428
20.700001 191428
20.799999 191428
20.900000 191428
21.000000 191428
21.100000 191428
21.200001 191428
21.299999 191428
21.400000 191428
21.500000 191396
21.600000 191396
21.700001 191396
21.799999 191396
21.900000 191396
22.000000 191396
22.100000 191396
22.200001 191396
22.299999 191396
22.400000 191396
22.500000 191396
22.600000 191396
22.700001 191396
22.799999 191396
22.900000 191396
23.000000 191396
23.100000 191396
23.200001 191396
23.299999 191396
23.400000 191396
23.500000 191428
23.600000 191428
23.700001 191428
23.799999 191428
23.900000 191428
24.000000 191428
24.100000 191428
24.200001 191428
24.299999 191428
24.400000 191428
24.500000 191396
24.600000 191396
24.700001 191396
24.799999 191396
24.900000 191396
25.000000 191396
25.100000 191396
25.200001 191396
25.299999 191396
25.400000 191396
25.500000 191392
25.600000 191392
25.700001 191392
25.799999 191392
25.900000 191392
26.000000 191392
26.100000 191392
26.200001 191392
26.299999 191392
26.400000 191392
26.500000 191360
26.600000 191360
26.700001 191424
26.799999 191424
26.900000 191424
27.000000 191424
27.100000 191424
27.200001 191424
27.299999 191424
27.400000 191424
27.500000 191392
27.600000 191392
27.700001 191392
27.799999 191392
27.900000 191392
28.000000 191392
28.100000 191392
28.200001 191392
28.299999 191456
28.400000 191456
28.500000 191424
28.600000 191424
28.700001 191424
28.799999 191424
28.900000 191424
29.000000 191424
29.100000 191424
29.200001 191424
29.299999 191424
29.400000 191424
29.500000 191392
29.600000 191392
29.700001 191392
29.799999 191392
29.900000 191392
30.000000 191392
30.100000 191392
30.200001 191392
30.299999 191392
30.400000 191392
30.500000 191392
30.600000 191392
30.700001 191392
30.799999 191392
30.900000 191392
31.000000 191392
31.100000 191392
31.200001 191392
31.299999 191392
31.400000 191392
31.500000 191384
31.600000 191384
31.700001 191384
31.799999 191384
31.900000 191384
32.000000 191384
32.099998 191384
32.200001 191384
32.299999 191384
32.400002 191384
32.500000 191416
32.599998 191416
32.700001 191416
32.799999 191416
32.900002 191416
33.000000 191416
33.099998 191416
33.200001 191416
33.299999 191416
33.400002 191416
33.500000 191416
33.599998 191416
33.700001 191416
33.799999 191416
33.900002 191416
34.000000 191416
34.099998 191416
34.200001 191416
34.299999 191416
34.400002 191416
34.500000 191384
34.599998 191384
34.700001 191384
34.799999 191384
34.900002 191384
35.000000 191384
35.099998 191384
35.200001 191384
35.299999 191384
35.400002 191384
35.500000 191416
35.599998 191416
35.700001 191416
35.799999 191416
35.900002 191416
36.000000 191416
36.099998 191416
36.200001 191416
36.299999 191416
36.400002 191416
36.500000 191384
36.599998 191384
36.700001 191384
36.799999 191384
36.900002 191384
37.000000 191384
37.099998 191384
37.200001 191384
37.299999 191384
37.400002 191384
37.500000 191384
37.599998 191384
37.700001 191384
37.799999 191384
37.900002 191384
38.000000 191384
38.099998 191384
38.200001 191384
38.299999 191384
38.400002 191384
38.500000 191344
38.599998 191408
38.700001 191408
38.799999 191408
38.900002 191408
39.000000 191408
39.099998 191408
39.200001 191408
39.299999 191408
39.400002 191408
39.500000 191408
39.599998 191408
39.700001 191408
39.799999 191408
39.900002 191408
40.000000 191408
40.099998 191408
40.200001 191408
40.299999 191408
40.400002 191408
40.500000 191376
40.599998 191376
40.700001 191376
40.799999 191376
40.900002 191376
41.000000 191376
41.099998 191376
41.200001 191376
41.299999 191376
41.400002 191376
41.500000 191376
41.599998 191376
41.700001 191376
41.799999 191376
41.900002 191376
42.000000 191376
42.099998 191376
42.200001 191376
42.299999 191376
42.400002 191376
42.500000 191376
42.599998 191376
42.700001 191376
42.799999 191376
42.900002 191376
43.000000 191376
43.099998 191376
43.200001 191376
43.299999 191376
43.400002 191376
43.500000 191376
43.599998 191376
43.700001 191376
43.799999 191376
43.900002 191376
44.000000 191376
44.099998 191376
44.200001 191376
44.299999 191376
44.400002 191376
44.500000 191344
44.599998 191344
44.700001 191344
44.799999 191344
44.900002 191408
45.000000 191408
45.099998 191408
45.200001 191408
45.299999 191408
45.400002 191408
45.500000 191408
45.599998 191408
45.700001 191408
45.799999 191408
45.900002 191408
46.000000 191408
46.099998 191408
46.200001 191408
46.299999 191408
46.400002 191408
46.500000 191376
46.599998 191376
46.700001 191376
46.799999 191376
46.900002 191376
47.000000 191376
47.099998 191376
47.200001 191376
47.299999 191376
47.400002 191376
47.500000 191376
47.599998 191376
47.700001 191376
47.799999 191376
47.900002 191376
48.000000 191376
48.099998 191440
48.200001 191440
48.299999 191440
48.400002 191440
48.500000 191408
48.599998 191408
48.700001 191408
48.799999 191408
48.900002 191408
49.000000 191408
49.099998 191408
49.200001 191408
49.299999 191408
49.400002 191408
49.500000 191404
49.599998 191404
49.700001 191404
49.799999 191404
49.900002 191404
50.000000 191404
50.099998 191404
50.200001 191404
50.299999 191404
50.400002 191404
50.500000 191372
50.599998 191372
50.700001 191372
50.799999 191372
50.900002 191372
51.000000 191372
51.099998 191372
51.200001 191372
51.299999 191404
51.400002 191404
51.500000 191404
51.599998 191404
51.700001 191404
51.799999 191404
51.900002 191404
52.000000 191404
52.099998 191404
52.200001 191404
52.299999 191404
52.400002 191404
52.500000 191372
52.599998 191372
52.700001 191372
52.799999 191372
52.900002 191372
53.000000 191372
53.099998 191372
53.200001 191372
53.299999 191372
53.400002 191372
53.500000 191372
53.599998 191372
53.700001 191372
53.799999 191372
53.900002 191372
54.000000 191372
54.099998 191372
54.200001 191372
54.299999 191372
54.400002 191372
54.500000 191404
54.599998 191396
54.700001 191396
54.799999 191396
54.900002 191396
55.000000 191396
55.099998 191396
55.200001 191396
55.299999 191396
55.400002 191396
55.500000 191396
55.599998 191396
55.700001 191396
55.799999 191396
55.900002 191396
56.000000 191396
56.099998 191396
56.200001 191396
56.299999 191396
56.400002 191396
56.500000 191364
56.599998 191364
56.700001 191364
56.799999 191364
56.900002 191364
57.000000 191364
57.099998 191364
57.200001 191364
57.299999 191364
57.400002 191396
57.500000 191396
57.599998 191396
57.700001 191396
57.799999 191396
57.900002 191396
58.000000 191396
58.099998 191396
58.200001 191396
58.299999 191396
58.400002 191396
58.500000 191364
58.599998 191364
58.700001 191364
58.799999 191364
58.900002 191364
59.000000 191364
59.099998 191364
59.200001 191364
59.299999 191364
59.400002 191364
59.500000 191364
59.599998 191364
59.700001 191364
59.799999 191364
59.900002 191364
60.000000 191364
60.099998 191364
60.200001 191364
60.299999 191364
60.400002 191364
60.500000 191396
60.599998 191396
60.700001 191396
60.799999 191396
60.900002 191396
61.000000 191396
61.099998 191396
61.200001 191396
61.299999 191396
61.400002 191396
61.500000 191396
61.599998 191396
61.700001 191396
61.799999 191396
61.900002 191396
62.000000 191396
62.099998 191396
62.200001 191396
62.299999 191396
62.400002 191396
62.500000 191364
62.599998 191364
62.700001 191364
62.799999 191364
62.900002 191364
63.000000 191364
63.099998 191364
63.200001 191364
63.299999 191364
63.400002 191364
63.500000 191364
63.599998 191364
63.700001 191364
63.799999 191364
63.900002 191364
64.000000 191364
64.099998 191364
64.199997 191364
64.300003 191364
64.400002 191364
64.500000 191364
64.599998 191364
64.699997 191364
64.800003 191364
64.900002 191364
65.000000 191364
65.099998 191364
65.199997 191364
65.300003 191364
65.400002 191364
65.500000 191364
65.599998 191364
65.699997 191364
65.800003 191364
65.900002 191364
66.000000 191364
66.099998 191364
66.199997 191364
66.300003 191364
66.400002 191364
66.500000 191332
66.599998 191332
66.699997 191332
66.800003 191396
66.900002 191396
67.000000 191396
67.099998 191396
67.199997 191396
67.300003 191396
67.400002 191396
67.500000 191396
67.599998 191396
67.699997 191396
67.800003 191396
67.900002 191396
68.000000 191396
68.099998 191396
68.199997 191396
68.300003 191396
68.400002 191396
68.500000 191364
68.599998 191364
68.699997 191364
68.800003 191364
68.900002 191364
69.000000 191364
69.099998 191364
69.199997 191364
69.300003 191364
69.400002 191364
69.500000 191364
69.599998 191364
69.699997 191364
69.800003 191364
69.900002 191364
70.000000 191428
70.099998 191428
70.199997 191428
70.300003 191428
70.400002 191428
70.500000 191396
70.599998 191396
70.699997 191396
70.800003 191396
70.900002 191396
71.000000 191396
71.099998 191396
71.199997 191396
71.300003 191396
71.400002 191396
71.500000 191396
71.599998 191396
71.699997 191396
71.800003 191396
71.900002 191396
72.000000 191396
72.099998 191396
72.199997 191396
72.300003 191396
72.400002 191396
72.500000 191364
72.599998 191364
72.699997 191364
72.800003 191364
72.900002 191364
73.000000 191364
73.099998 191396
73.199997 191396
73.300003 191396
73.400002 191396
73.500000 191392
73.599998 191392
73.699997 191392
73.800003 191392
73.900002 191392
74.000000 191392
74.099998 191392
74.199997 191392
74.300003 191392
74.400002 191392
74.500000 191360
74.599998 191360
74.699997 191360
74.800003 191360
74.900002 191360
75.000000 191360
75.099998 191360
75.199997 191360
75.300003 191360
75.400002 191360
75.500000 191360
75.599998 191360
75.699997 191360
75.800003 191360
75.900002 191360
76.000000 191360
76.099998 191360
76.199997 191360
76.300003 191360
76.400002 191360
76.500000 191392
76.599998 191392
76.699997 191392
76.800003 191392
76.900002 191392
77.000000 191392
77.099998 191392
77.199997 191392
77.300003 191392
77.400002 191392
77.500000 191392
77.599998 191392
77.699997 191392
77.800003 191392
77.900002 191392
78.000000 191392
78.099998 191392
78.199997 191392
78.300003 191392
78.400002 191392
78.500000 191360
78.599998 191360
78.699997 191352
78.800003 191352
78.900002 191352
79.000000 191352
79.099998 191352
79.199997 191352
79.300003 191352
79.400002 191384
79.500000 191384
79.599998 191384
79.699997 191384
79.800003 191384
79.900002 191384
80.000000 191384
80.099998 191384
80.199997 191384
80.300003 191384
80.400002 191384
80.500000 191352
80.599998 191352
80.699997 191352
80.800003 191352
80.900002 191352
81.000000 191352
81.099998 191352
81.199997 191352
81.300003 191352
81.400002 191352
81.500000 191352
81.599998 191352
81.699997 191352
81.800003 191352
81.900002 191352
82.000000 191352
82.099998 191352
82.199997 191352
82.300003 191352
82.400002 191352
82.500000 191384
82.599998 191384
82.699997 191384
82.800003 191384
82.900002 191384
83.000000 191384
83.099998 191384
83.199997 191384
83.300003 191384
83.400002 191384
83.500000 191384
83.599998 191384
83.699997 191384
83.800003 191384
83.900002 191384
84.000000 191384
84.099998 191384
84.199997 191384
84.300003 191384
84.400002 191384
84.500000 191384
84.599998 191344
84.699997 191344
84.800003 191344
84.900002 191344
85.000000 191344
85.099998 191344
85.199997 191344
85.300003 191344
85.400002 191344
85.500000 191344
85.599998 191344
85.699997 191344
85.800003 191344
85.900002 191344
86.000000 191344
86.099998 191344
86.199997 191344
86.300003 191344
86.400002 191344
86.500000 191312
86.599998 191376
86.699997 191376
86.800003 191376
86.900002 191376
87.000000 191376
87.099998 191376
87.199997 191376
87.300003 191376
87.400002 191376
87.500000 191344
87.599998 191344
87.699997 191344
87.800003 191344
87.900002 191344
88.000000 191344
88.099998 191344
88.199997 191344
88.300003 191344
88.400002 191408
88.500000 191408
88.599998 191408
88.699997 191408
88.800003 191408
88.900002 191408
89.000000 191408
89.099998 191408
89.199997 191408
89.300003 191408
89.400002 191408
89.500000 191376
89.599998 191376
89.699997 191376
89.800003 191376
89.900002 191376
90.000000 191376
90.099998 191376
90.199997 191376
90.300003 191376
90.400002 191376
90.500000 191376
90.599998 191376
90.699997 191376
90.800003 191376
90.900002 191376
91.000000 191376
91.099998 191376
91.199997 191376
91.300003 191376
91.400002 191376
91.500000 191344
91.599998 191376
91.699997 191376
91.800003 191376
91.900002 191376
92.000000 191376
92.099998 191376
92.199997 191376
92.300003 191376
92.400002 191376
92.500000 191376
92.599998 191376
92.699997 191376
92.800003 191376
92.900002 191376
93.000000 191376
93.099998 191376
93.199997 191376
93.300003 191376
93.400002 191376
93.500000 191344
93.599998 191344
93.699997 191344
93.800003 191344
93.900002 191344
94.000000 191344
94.099998 191344
94.199997 191344
94.300003 191344
94.400002 191344
94.500000 191344
94.599998 191344
94.699997 191344
94.800003 191344
94.900002 191344
95.000000 191344
95.099998 191344
95.199997 191344
95.300003 191344
95.400002 191344
95.500000 191376
95.599998 191376
95.699997 191376
95.800003 191376
95.900002 191376
96.000000 191376
96.099998 191376
96.199997 191376
96.300003 191376
96.400002 191376
96.500000 191376
96.599998 191376
96.699997 191376
96.800003 191376
96.900002 191376
97.000000 191376
97.099998 191376
97.199997 191376
97.300003 191376
97.400002 191376
97.500000 191376
97.599998 191376
97.699997 191376
97.800003 191372
97.900002 191372
98.000000 191372
98.099998 191372
98.199997 191372
98.300003 191372
98.400002 191372
98.500000 191372
98.599998 191372
98.699997 191372
98.800003 191372
98.900002 191308
99.000000 191308
99.099998 191372
99.199997 191372
99.300003 191372
99.400002 191372
99.500000 191372
99.599998 191372
99.699997 191372
99.800003 191372
99.900002 191372
100.000000 191372
100.099998 191372
100.199997 191372
100.300003 191372
100.400002 191340
100.500000 191340
100.599998 191340
100.699997 191340
100.800003 191340
100.900002 191340
101.000000 191340
101.099998 191340
101.199997 191340
101.300003 191340
101.400002 191340
101.500000 191340
101.599998 191340
101.699997 191340
101.800003 191340
101.900002 191340
102.000000 191340
102.099998 191340
102.199997 191340
102.300003 191340
102.400002 191340
102.500000 191372
102.599998 191372
102.699997 191372
102.800003 191372
102.900002 191372
103.000000 191372
103.099998 191372
103.199997 191372
103.300003 191372
103.400002 191332
103.500000 191332
103.599998 191332
103.699997 191332
103.800003 191332
103.900002 191396
104.000000 191396
104.099998 191396
104.199997 191396
104.300003 191396
104.400002 191364
104.500000 191364
104.599998 191364
104.699997 191364
104.800003 191364
104.900002 191364
105.000000 191364
105.099998 191364
105.199997 191364
105.300003 191364
105.400002 191364
105.500000 191364
105.599998 191364
105.699997 191364
105.800003 191364
105.900002 191364
106.000000 191364
106.099998 191364
106.199997 191364
106.300003 191364
106.400002 191332
106.500000 191332
106.599998 191332
106.699997 191332
106.800003 191332
106.900002 191332
107.000000 191332
107.099998 191332
107.199997 191332
107.300003 191332
107.400002 191364
107.500000 191364
107.599998 191364
107.699997 191364
107.800003 191364
107.900002 191364
108.000000 191364
108.099998 191364
108.199997 191364
108.300003 191364
108.400002 191332
108.500000 191332
108.599998 191332
108.699997 191332
108.800003 191332
108.900002 191332
109.000000 191332
109.099998 191332
109.199997 191332
109.300003 191332
109.400002 191332
109.500000 191332
109.599998 191332
109.699997 191332
109.800003 191332
109.900002 191332
110.000000 191332
110.099998 191332
110.199997 191332
110.300003 191332
110.400002 191364
110.500000 191364
110.599998 191364
110.699997 191364
110.800003 191364
110.900002 191364
111.000000 191364
111.099998 191364
111.199997 191364
111.300003 191364
111.400002 191332
111.500000 191332
111.599998 191332
111.699997 191332
111.800003 191332
111.900002 191332
112.000000 191332
112.099998 191332
112.199997 191332
112.300003 191332
112.400002 191332
112.500000 191332
112.599998 191332
112.699997 191332
112.800003 191332
112.900002 191332
113.000000 191332
113.099998 191332
113.199997 191332
113.300003 191332
113.400002 191300
113.500000 191364
113.599998 191364
113.699997 191364
113.800003 191364
113.900002 191364
114.000000 191364
114.099998 191364
114.199997 191364
114.300003 191364
114.400002 191332
114.500000 191332
114.599998 191332
114.699997 191332
114.800003 191332
114.900002 191332
115.000000 191332
115.099998 191396
115.199997 191396
115.300003 191396
115.400002 191364
115.500000 191364
115.599998 191364
115.699997 191364
115.800003 191364
115.900002 191364
116.000000 191364
116.099998 191364
116.199997 191364
116.300003 191364
116.400002 191332
116.500000 191332
116.599998 191332
116.699997 191332
116.800003 191332
116.900002 191332
117.000000 191332
117.099998 191332
117.199997 191332
117.300003 191332
117.400002 191332
117.500000 191332
117.599998 191332
117.699997 191332
117.800003 191332
117.900002 191332
118.000000 191332
118.099998 191332
118.199997 191332
118.300003 191332
118.400002 191364
118.500000 191364
118.599998 191364
118.699997 191364
118.800003 191364
118.900002 191364
119.000000 191364
119.099998 191364
119.199997 191364
119.300003 191364
119.400002 191332
119.500000 191332
119.599998 191332
119.699997 191332
119.800003 191332
119.900002 191332
120.000000 191332
