0.000000 191332
0.100000 191332
0.200000 191332
0.300000 191332
0.400000 191324
0.500000 191324
0.600000 191324
0.700000 191324
0.800000 191324
0.900000 191324
1.000000 191324
1.100000 191324
1.200000 191324
1.300000 191324
1.400000 191356
1.500000 191356
1.600000 191356
1.700000 191356
1.800000 191356
1.900000 191356
2.000000 191356
2.100000 191356
2.200000 191356
2.300000 191356
2.400000 191324
2.500000 191324
2.600000 191324
2.700000 191324
2.800000 191324
2.900000 191324
3.000000 191324
3.100000 191324
3.200000 191324
3.300000 191324
3.400000 191324
3.500000 191324
3.600000 191324
3.700000 191324
3.800000 191324
3.900000 191324
4.000000 191324
4.100000 191324
4.200000 191324
4.300000 191324
4.400000 191292
4.500000 191292
4.600000 191356
4.700000 191356
4.800000 191356
4.900000 191356
5.000000 191356
5.100000 191356
5.200000 191356
5.300000 191356
5.400000 191324
5.500000 191324
5.600000 191324
5.700000 191324
5.800000 191324
5.900000 191324
6.000000 191324
6.100000 191324
6.200000 191388
6.300000 191388
6.400000 191348
6.500000 191348
6.600000 191348
6.700000 191348
6.800000 191348
6.900000 191348
7.000000 191348
7.100000 191348
7.200000 191348
7.300000 191348
7.400000 191316
7.500000 191316
7.600000 191316
7.700000 191316
7.800000 191316
7.900000 191316
8.000000 191316
8.100000 191316
8.200000 191316
8.300000 191316
8.400000 191316
8.500000 191316
8.600000 191316
8.700000 191316
8.800000 191316
8.900000 191316
9.000000 191316
9.100000 191316
9.200000 191316
9.300000 191316
9.400000 191348
9.500000 191348
9.600000 191348
9.700000 191348
9.800000 191348
9.900000 191348
10.000000 191348
10.100000 191348
10.200000 191348
10.300000 191348
10.400000 191348
10.500000 191348
10.600000 191348
10.700000 191348
10.800000 191348
10.900000 191348
11.000000 191348
11.100000 191348
11.200000 191348
11.300000 191348
11.400000 191316
11.500000 191316
11.600000 191316
11.700000 191316
11.800000 191316
11.900000 191316
12.000000 191316
12.100000 191316
12.200000 191348
12.300000 191348
12.400000 191348
12.500000 191348
12.600000 191348
12.700000 191348
12.800000 191348
12.900000 191348
13.000000 191348
13.100000 191348
13.200000 191348
13.300000 191348
13.400000 191316
13.500000 191316
13.600000 191316
13.700000 191316
13.800000 191316
13.900000 191316
14.000000 191316
14.100000 191316
14.200000 191316
14.300000 191316
14.400000 191316
14.500000 191316
14.600000 191316
14.700000 191316
14.800000 191316
14.900000 191316
15.000000 191316
15.100000 191316
15.200000 191316
15.300000 191316
15.400000 191348
15.500000 191348
15.600000 191348
15.700000 191348
15.800000 191348
15.900000 191348
16.000000 191348
16.100000 191348
16.200001 191348
16.299999 191348
16.400000 191348
16.500000 191348
16.600000 191348
16.700001 191348
16.799999 191348
16.900000 191348
17.000000 191348
17.100000 191348
17.200001 191348
17.299999 191348
17.400000 191316
17.500000 191316
17.600000 191316
17.700001 191316
17.799999 191316
17.900000 191316
18.000000 191316
18.100000 191316
18.200001 191316
18.299999 191316
18.400000 191348
18.500000 191348
18.600000 191348
18.700001 191348
18.799999 191348
18.900000 191316
19.000000 191316
19.100000 191316
19.200001 191316
19.299999 191316
19.400000 191316
19.500000 191316
19.600000 191316
19.700001 191316
19.799999 191316
19.900000 191316
20.000000 191316
20.100000 191316
20.200001 191316
20.299999 191316
20.400000 191316
20.500000 191316
20.600000 191316
20.700001 191316
20.799999 191316
20.900000 191316
21.000000 191316
21.100000 191316
21.200001 191316
21.299999 191316
21.400000 191284
21.500000 191284
21.600000 191348
21.700001 191348
21.799999 191348
21.900000 191348
22.000000 191348
22.100000 191348
22.200001 191348
22.299999 191348
22.400000 191348
22.500000 191348
22.600000 191348
22.700001 191348
22.799999 191348
22.900000 191348
23.000000 191348
23.100000 191348
23.200001 191348
23.299999 191348
23.400000 191316
23.500000 191316
23.600000 191316
23.700001 191316
23.799999 191316
23.900000 191316
24.000000 191316
24.100000 191316
24.200001 191316
24.299999 191316
24.400000 191316
24.500000 191316
24.600000 191316
24.700001 191380
24.799999 191380
24.900000 191380
25.000000 191380
25.100000 191380
25.200001 191380
25.299999 191380
25.400000 191344
25.500000 191344
25.600000 191344
25.700001 191344
25.799999 191344
25.900000 191344
26.000000 191344
26.100000 191344
26.200001 191344
26.299999 191344
26.400000 191344
26.500000 191344
26.600000 191344
26.700001 191344
26.799999 191344
26.900000 191344
27.000000 191344
27.100000 191344
27.200001 191344
27.299999 191344
27.400000 191312
27.500000 191312
27.600000 191312
27.700001 191312
27.799999 191312
27.900000 191344
28.000000 191344
28.100000 191344
28.200001 191344
28.299999 191344
28.400000 191344
28.500000 191344
28.600000 191344
28.700001 191344
28.799999 191344
28.900000 191344
29.000000 191344
29.100000 191344
29.200001 191344
29.299999 191344
29.400000 191312
29.500000 191312
29.600000 191312
29.700001 191312
29.799999 191312
29.900000 191312
30.000000 191312
30.100000 191312
30.200001 191312
30.299999 191312
30.400000 191312
30.500000 191312
30.600000 191312
30.700001 191312
30.799999 191312
30.900000 191312
31.000000 191312
31.100000 191312
31.200001 191312
31.299999 191312
31.400000 191336
31.500000 191336
31.600000 191336
31.700001 191336
31.799999 191336
31.900000 191336
32.000000 191336
32.099998 191336
32.200001 191336
32.299999 191336
32.400002 191336
32.500000 191336
32.599998 191336
32.700001 191336
32.799999 191336
32.900002 191336
33.000000 191336
33.099998 191336
33.200001 191336
33.299999 191336
33.400002 191304
33.500000 191304
33.599998 191304
33.700001 191304
33.799999 191304
33.900002 191304
34.000000 191304
34.099998 191304
34.200001 191336
34.299999 191336
34.400002 191336
34.500000 191336
34.599998 191336
34.700001 191336
34.799999 191336
34.900002 191336
35.000000 191336
35.099998 191336
35.200001 191336
35.299999 191336
35.400002 191304
35.500000 191304
35.599998 191304
35.700001 191304
35.799999 191304
35.900002 191304
36.000000 191304
36.099998 191304
36.200001 191304
36.299999 191304
36.400002 191304
36.500000 191304
36.599998 191304
36.700001 191304
36.799999 191304
36.900002 191304
37.000000 191304
37.099998 191304
37.200001 191304
37.299999 191304
37.400002 191328
37.500000 191328
37.599998 191328
37.700001 191328
37.799999 191328
37.900002 191328
38.000000 191328
38.099998 191328
38.200001 191328
38.299999 191328
38.400002 191328
38.500000 191328
38.599998 191328
38.700001 191328
38.799999 191328
38.900002 191328
39.000000 191328
39.099998 191328
39.200001 191328
39.299999 191328
39.400002 191296
39.500000 191296
39.599998 191296
39.700001 191296
39.799999 191296
39.900002 191296
40.000000 191296
40.099998 191296
40.200001 191296
40.299999 191328
40.400002 191328
40.500000 191328
40.599998 191328
40.700001 191328
40.799999 191328
40.900002 191328
41.000000 191328
41.099998 191328
41.200001 191328
41.299999 191328
41.400002 191296
41.500000 191296
41.599998 191296
41.700001 191296
41.799999 191296
41.900002 191296
42.000000 191296
42.099998 191296
42.200001 191296
42.299999 191296
42.400002 191296
42.500000 191296
42.599998 191296
42.700001 191296
42.799999 191296
42.900002 191296
43.000000 191296
43.099998 191296
43.200001 191296
43.299999 191296
43.400002 191264
43.500000 191328
43.599998 191328
43.700001 191328
43.799999 191328
43.900002 191328
44.000000 191328
44.099998 191328
44.200001 191328
44.299999 191328
44.400002 191328
44.500000 191328
44.599998 191328
44.700001 191328
44.799999 191328
44.900002 191328
45.000000 191328
45.099998 191328
45.200001 191328
45.299999 191328
45.400002 191296
45.500000 191296
45.599998 191296
45.700001 191296
45.799999 191296
45.900002 191296
46.000000 191296
46.099998 191296
46.200001 191296
46.299999 191296
46.400002 191296
46.500000 191296
46.599998 191360
46.700001 191360
46.799999 191360
46.900002 191360
47.000000 191360
47.099998 191360
47.200001 191360
47.299999 191360
47.400002 191328
47.500000 191328
47.599998 191328
47.700001 191328
47.799999 191328
47.900002 191328
48.000000 191328
48.099998 191328
48.200001 191328
48.299999 191328
48.400002 191328
48.500000 191328
48.599998 191328
48.700001 191328
48.799999 191328
48.900002 191328
49.000000 191328
49.099998 191328
49.200001 191328
49.299999 191328
49.400002 191292
49.500000 191292
49.599998 191292
49.700001 191292
49.799999 191324
49.900002 191324
50.000000 191324
50.099998 191324
50.200001 191324
50.299999 191324
50.400002 191324
50.500000 191324
50.599998 191324
50.700001 191324
50.799999 191324
50.900002 191324
51.000000 191324
51.099998 191324
51.200001 191324
51.299999 191324
51.400002 191292
51.500000 191292
51.599998 191292
51.700001 191292
51.799999 191292
51.900002 191292
52.000000 191292
52.099998 191292
52.200001 191292
52.299999 191292
52.400002 191292
52.500000 191292
52.599998 191292
52.700001 191292
52.799999 191292
52.900002 191292
53.000000 191292
53.099998 191292
53.200001 191292
53.299999 191292
53.400002 191324
53.500000 191324
53.599998 191324
53.700001 191324
53.799999 191324
53.900002 191324
54.000000 191324
54.099998 191324
54.200001 191324
54.299999 191324
54.400002 191324
54.500000 191324
54.599998 191324
54.700001 191324
54.799999 191324
54.900002 191324
55.000000 191324
55.099998 191324
55.200001 191324
55.299999 191324
55.400002 191284
55.500000 191284
55.599998 191284
55.700001 191284
55.799999 191284
55.900002 191284
56.000000 191316
56.099998 191316
56.200001 191316
56.299999 191316
56.400002 191316
56.500000 191316
56.599998 191316
56.700001 191316
56.799999 191316
56.900002 191316
57.000000 191316
57.099998 191316
57.200001 191316
57.299999 191316
57.400002 191284
57.500000 191284
57.599998 191284
57.700001 191284
57.799999 191284
57.900002 191284
58.000000 191284
58.099998 191284
58.200001 191284
58.299999 191284
58.400002 191284
58.500000 191284
58.599998 191284
58.700001 191284
58.799999 191284
58.900002 191284
59.000000 191284
59.099998 191284
59.200001 191284
59.299999 191284
59.400002 191316
59.500000 191316
59.599998 191316
59.700001 191316
59.799999 191316
59.900002 191316
60.000000 191316
60.099998 191316
60.200001 191316
60.299999 191316
60.400002 191316
60.500000 191316
60.599998 191316
60.700001 191316
60.799999 191316
60.900002 191316
61.000000 191316
61.099998 191316
61.200001 191316
61.299999 191316
61.400002 191284
61.500000 191284
61.599998 191284
61.700001 191284
61.799999 191284
61.900002 191284
62.000000 191284
62.099998 191284
62.200001 191316
62.299999 191316
62.400002 191316
62.500000 191316
62.599998 191316
62.700001 191316
62.799999 191316
62.900002 191316
63.000000 191316
63.099998 191316
63.200001 191316
63.299999 191316
63.400002 191284
63.500000 191284
63.599998 191284
63.700001 191284
63.799999 191284
63.900002 191284
64.000000 191284
64.099998 191284
64.199997 191284
64.300003 191284
64.400002 191284
64.500000 191284
64.599998 191284
64.699997 191284
64.800003 191284
64.900002 191284
65.000000 191284
65.099998 191284
65.199997 191284
65.300003 191284
65.400002 191316
65.500000 191316
65.599998 191316
65.699997 191316
65.800003 191316
65.900002 191316
66.000000 191316
66.099998 191316
66.199997 191316
66.300003 191316
66.400002 191316
66.500000 191316
66.599998 191316
66.699997 191316
66.800003 191316
66.900002 191316
67.000000 191316
67.099998 191316
67.199997 191316
67.300003 191316
67.400002 191284
67.500000 191284
67.599998 191284
67.699997 191284
67.800003 191284
67.900002 191284
68.000000 191284
68.099998 191284
68.199997 191284
68.300003 191284
68.400002 191284
68.500000 191348
68.599998 191348
68.699997 191348
68.800003 191348
68.900002 191348
69.000000 191348
69.099998 191348
69.199997 191348
69.300003 191348
69.400002 191316
69.500000 191316
69.599998 191316
69.699997 191316
69.800003 191316
69.900002 191316
70.000000 191316
70.099998 191316
70.199997 191316
70.300003 191316
70.400002 191316
70.500000 191316
70.599998 191316
70.699997 191316
70.800003 191316
70.900002 191316
71.000000 191316
71.099998 191316
71.199997 191316
71.300003 191316
71.400002 191284
71.500000 191284
71.599998 191284
71.699997 191316
71.800003 191316
71.900002 191316
72.000000 191316
72.099998 191316
72.199997 191316
72.300003 191316
72.400002 191316
72.500000 191316
72.599998 191316
72.699997 191316
72.800003 191316
72.900002 191316
73.000000 191316
73.099998 191316
73.199997 191316
73.300003 191316
73.400002 191280
73.500000 191280
73.599998 191280
73.699997 191280
73.800003 191280
73.900002 191280
74.000000 191280
74.099998 191280
74.199997 191280
74.300003 191280
74.400002 191280
74.500000 191280
74.599998 191280
74.699997 191280
74.800003 191280
74.900002 191280
75.000000 191280
75.099998 191280
75.199997 191280
75.300003 191280
75.400002 191312
75.500000 191312
75.599998 191312
75.699997 191312
75.800003 191312
75.900002 191312
76.000000 191312
76.099998 191312
76.199997 191312
76.300003 191312
76.400002 191312
76.500000 191312
76.599998 191312
76.699997 191312
76.800003 191312
76.900002 191312
77.000000 191312
77.099998 191312
77.199997 191312
77.300003 191312
77.400002 191280
77.500000 191280
77.599998 191280
77.699997 191280
77.800003 191280
77.900002 191312
78.000000 191312
78.099998 191312
78.199997 191312
78.300003 191312
78.400002 191304
78.500000 191304
78.599998 191304
78.699997 191304
78.800003 191304
78.900002 191304
79.000000 191304
79.099998 191304
79.199997 191304
79.300003 191304
79.400002 191272
79.500000 191272
79.599998 191272
79.699997 191272
79.800003 191272
79.900002 191272
80.000000 191272
80.099998 191272
80.199997 191272
80.300003 191272
80.400002 191272
80.500000 191272
80.599998 191272
80.699997 191272
80.800003 191272
80.900002 191272
81.000000 191272
81.099998 191272
81.199997 191272
81.300003 191272
81.400002 191304
81.500000 191304
81.599998 191304
81.699997 191304
81.800003 191304
81.900002 191304
82.000000 191304
82.099998 191304
82.199997 191304
82.300003 191304
82.400002 191304
82.500000 191304
82.599998 191304
82.699997 191304
82.800003 191304
82.900002 191304
83.000000 191304
83.099998 191304
83.199997 191304
83.300003 191304
83.400002 191272
83.500000 191272
83.599998 191272
83.699997 191272
83.800003 191272
83.900002 191272
84.000000 191272
84.099998 191304
84.199997 191304
84.300003 191304
84.400002 191304
84.500000 191304
84.599998 191304
84.699997 191304
84.800003 191304
84.900002 191304
85.000000 191304
85.099998 191304
85.199997 191304
85.300003 191304
85.400002 191272
85.500000 191272
85.599998 191272
85.699997 191272
85.800003 191272
85.900002 191272
86.000000 191272
86.099998 191272
86.199997 191272
86.300003 191272
86.400002 191272
86.500000 191272
86.599998 191272
86.699997 191272
86.800003 191272
86.900002 191272
87.000000 191272
87.099998 191272
87.199997 191272
87.300003 191272
87.400002 191304
87.500000 191304
87.599998 191304
87.699997 191304
87.800003 191304
87.900002 191304
88.000000 191304
88.099998 191304
88.199997 191304
88.300003 191304
88.400002 191296
88.500000 191296
88.599998 191264
88.699997 191264
88.800003 191264
88.900002 191264
89.000000 191264
89.099998 191264
89.199997 191264
89.300003 191264
89.400002 191264
89.500000 191264
89.599998 191264
89.699997 191264
89.800003 191264
89.900002 191264
90.000000 191264
90.099998 191264
90.199997 191264
90.300003 191264
90.400002 191328
90.500000 191328
90.599998 191296
90.699997 191296
90.800003 191296
90.900002 191296
91.000000 191296
91.099998 191296
91.199997 191296
91.300003 191296
91.400002 191296
91.500000 191296
91.599998 191296
91.699997 191296
91.800003 191296
91.900002 191296
92.000000 191296
92.099998 191296
92.199997 191296
92.300003 191296
92.400002 191296
92.500000 191296
92.599998 191264
92.699997 191264
92.800003 191264
92.900002 191264
93.000000 191264
93.099998 191264
93.199997 191264
93.300003 191264
93.400002 191264
93.500000 191264
93.599998 191264
93.699997 191264
93.800003 191264
93.900002 191264
94.000000 191264
94.099998 191264
94.199997 191264
94.300003 191264
94.400002 191296
94.500000 191296
94.599998 191264
94.699997 191264
94.800003 191264
94.900002 191264
95.000000 191264
95.099998 191264
95.199997 191264
95.300003 191264
95.400002 191264
95.500000 191264
95.599998 191264
95.699997 191264
95.800003 191264
95.900002 191264
96.000000 191264
96.099998 191264
96.199997 191264
96.300003 191264
96.400002 191264
96.500000 191264
96.599998 191232
96.699997 191296
96.800003 191296
96.900002 191296
97.000000 191296
97.099998 191296
97.199997 191296
97.300003 191296
97.400002 191292
97.500000 191292
97.599998 191292
97.699997 191292
97.800003 191292
97.900002 191292
98.000000 191292
98.099998 191292
98.199997 191292
98.300003 191292
98.400002 191292
98.500000 191292
98.599998 191260
98.699997 191260
98.800003 191260
98.900002 191260
99.000000 191260
99.099998 191260
99.199997 191260
99.300003 191260
99.400002 191260
99.500000 191260
99.599998 191260
99.699997 191260
99.800003 191260
99.900002 191260
100.000000 191260
100.099998 191260
100.199997 191260
100.300003 191260
100.400002 191292
100.500000 191292
100.599998 191260
100.699997 191260
100.800003 191260
100.900002 191260
101.000000 191260
101.099998 191260
101.199997 191260
101.300003 191260
101.400002 191260
101.500000 191260
101.599998 191260
101.699997 191260
101.800003 191260
101.900002 191260
102.000000 191260
102.099998 191260
102.199997 191260
102.300003 191260
102.400002 191252
102.500000 191252
102.599998 191220
102.699997 191220
102.800003 191220
102.900002 191220
103.000000 191284
103.099998 191284
103.199997 191284
103.300003 191284
103.400002 191284
103.500000 191284
103.599998 191284
103.699997 191284
103.800003 191284
103.900002 191284
104.000000 191284
104.099998 191284
104.199997 191284
104.300003 191284
104.400002 191284
104.500000 191252
104.599998 191252
104.699997 191252
104.800003 191252
104.900002 191252
105.000000 191252
105.099998 191252
105.199997 191252
105.300003 191252
105.400002 191252
105.500000 191252
105.599998 191252
105.699997 191252
105.800003 191252
105.900002 191252
106.000000 191252
106.099998 191252
106.199997 191252
106.300003 191252
106.400002 191284
106.500000 191252
106.599998 191252
106.699997 191252
106.800003 191252
106.900002 191252
107.000000 191252
107.099998 191252
107.199997 191252
107.300003 191252
107.400002 191252
107.500000 191252
107.599998 191252
107.699997 191252
107.800003 191252
107.900002 191252
108.000000 191252
108.099998 191252
108.199997 191252
108.300003 191252
108.400002 191252
108.500000 191220
108.599998 191220
108.699997 191220
108.800003 191220
108.900002 191220
109.000000 191220
109.099998 191220
109.199997 191284
109.300003 191284
109.400002 191284
109.500000 191284
109.599998 191284
109.699997 191284
109.800003 191284
109.900002 191284
110.000000 191284
110.099998 191284
110.199997 191284
110.300003 191284
110.400002 191284
110.500000 191252
110.599998 191252
110.699997 191252
110.800003 191252
110.900002 191252
111.000000 191252
111.099998 191252
111.199997 191252
111.300003 191252
111.400002 191252
111.500000 191252
111.599998 191252
111.699997 191252
111.800003 191252
111.900002 191252
112.000000 191252
112.099998 191252
112.199997 191252
112.300003 191316
112.400002 191316
112.500000 191284
112.599998 191284
112.699997 191284
112.800003 191284
112.900002 191284
113.000000 191284
113.099998 191284
113.199997 191284
113.300003 191284
113.400002 191284
113.500000 191284
113.599998 191284
113.699997 191284
113.800003 191284
113.900002 191284
114.000000 191284
114.099998 191284
114.199997 191284
114.300003 191284
114.400002 191284
114.500000 191252
114.599998 191252
114.699997 191252
114.800003 191252
114.900002 191252
115.000000 191252
115.099998 191252
115.199997 191252
115.300003 191252
115.400002 191252
115.500000 191252
115.599998 191252
115.699997 191252
115.800003 191252
115.900002 191252
116.000000 191252
116.099998 191252
116.199997 191252
116.300003 191252
116.400002 191284
116.500000 191252
116.599998 191252
116.699997 191252
116.800003 191252
116.900002 191252
117.000000 191252
117.099998 191252
117.199997 191252
117.300003 191252
117.400002 191252
117.500000 191252
117.599998 191252
117.699997 191252
117.800003 191252
117.900002 191252
118.000000 191252
118.099998 191252
118.199997 191252
118.300003 191252
118.400002 191252
118.500000 191220
118.599998 191284
118.699997 191284
118.800003 191284
118.900002 191284
119.000000 191284
119.099998 191284
119.199997 191284
119.300003 191284
119.400002 191284
119.500000 191284
119.599998 191284
119.699997 191284
119.800003 191284
119.900002 191284
120.000000 191284
