0.000000 191284
0.100000 191284
0.200000 191284
0.300000 191284
0.400000 191244
0.500000 191244
0.600000 191244
0.700000 191244
0.800000 191244
0.900000 191244
1.000000 191244
1.100000 191244
1.200000 191244
1.300000 191244
1.400000 191244
1.500000 191244
1.600000 191244
1.700000 191244
1.800000 191244
1.900000 191244
2.000000 191244
2.100000 191244
2.200000 191244
2.300000 191244
2.400000 191244
2.500000 191244
2.600000 191244
2.700000 191244
2.800000 191244
2.900000 191244
3.000000 191244
3.100000 191244
3.200000 191244
3.300000 191244
3.400000 191244
3.500000 191244
3.600000 191244
3.700000 191244
3.800000 191244
3.900000 191244
4.000000 191244
4.100000 191244
4.200000 191244
4.300000 191244
4.400000 191212
4.500000 191212
4.600000 191212
4.700000 191276
4.800000 191276
4.900000 191276
5.000000 191276
5.100000 191276
5.200000 191276
5.300000 191276
5.400000 191276
5.500000 191276
5.600000 191276
5.700000 191276
5.800000 191276
5.900000 191276
6.000000 191276
6.100000 191276
6.200000 191276
6.300000 191276
6.400000 191236
6.500000 191236
6.600000 191236
6.700000 191236
6.800000 191236
6.900000 191236
7.000000 191236
7.100000 191236
7.200000 191236
7.300000 191236
7.400000 191236
7.500000 191236
7.600000 191236
7.700000 191236
7.800000 191236
7.900000 191236
8.000000 191236
8.100000 191236
8.200000 191236
8.300000 191236
8.400000 191236
8.500000 191236
8.600000 191236
8.700000 191236
8.800000 191236
8.900000 191236
9.000000 191236
9.100000 191236
9.200000 191236
9.300000 191268
9.400000 191268
9.500000 191268
9.600000 191268
9.700000 191268
9.800000 191268
9.900000 191268
10.000000 191268
10.100000 191268
10.200000 191268
10.300000 191236
10.400000 191236
10.500000 191236
10.600000 191236
10.700000 191236
10.800000 191300
10.900000 191300
11.000000 191300
11.100000 191300
11.200000 191300
11.300000 191300
11.400000 191268
11.500000 191268
11.600000 191268
11.700000 191268
11.800000 191268
11.900000 191268
12.000000 191268
12.100000 191268
12.200000 191268
12.300000 191268
12.400000 191268
12.500000 191268
12.600000 191268
12.700000 191268
12.800000 191268
12.900000 191268
13.000000 191268
13.100000 191268
13.200000 191268
13.300000 191236
13.400000 191236
13.500000 191236
13.600000 191236
13.700000 191236
13.800000 191236
13.900000 191236
14.000000 191268
14.100000 191268
14.200000 191268
14.300000 191268
14.400000 191268
14.500000 191268
14.600000 191268
14.700000 191268
14.800000 191268
14.900000 191268
15.000000 191268
15.100000 191268
15.200000 191268
15.300000 191268
15.400000 191236
15.500000 191236
15.600000 191236
15.700000 191236
15.800000 191236
15.900000 191236
16.000000 191236
16.100000 191236
16.200001 191236
16.299999 191236
16.400000 191236
16.500000 191236
16.600000 191236
16.700001 191236
16.799999 191236
16.900000 191236
17.000000 191236
17.100000 191236
17.200001 191236
17.299999 191268
17.400000 191268
17.500000 191268
17.600000 191268
17.700001 191268
17.799999 191268
17.900000 191268
18.000000 191268
18.100000 191268
18.200001 191268
18.299999 191268
18.400000 191268
18.500000 191268
18.600000 191268
18.700001 191268
18.799999 191268
18.900000 191268
19.000000 191268
19.100000 191268
19.200001 191268
19.299999 191268
19.400000 191236
19.500000 191236
19.600000 191236
19.700001 191236
19.799999 191236
19.900000 191236
20.000000 191236
20.100000 191236
20.200001 191268
20.299999 191268
20.400000 191268
20.500000 191268
20.600000 191268
20.700001 191268
20.799999 191268
20.900000 191268
21.000000 191268
21.100000 191268
21.200001 191268
21.299999 191236
21.400000 191236
21.500000 191236
21.600000 191236
21.700001 191236
21.799999 191236
21.900000 191236
22.000000 191236
22.100000 191236
22.200001 191236
22.299999 191236
22.400000 191236
22.500000 191236
22.600000 191236
22.700001 191236
22.799999 191236
22.900000 191236
23.000000 191236
23.100000 191236
23.200001 191236
23.299999 191236
23.400000 191268
23.500000 191268
23.600000 191268
23.700001 191268
23.799999 191268
23.900000 191268
24.000000 191268
24.100000 191268
24.200001 191268
24.299999 191268
24.400000 191268
24.500000 191268
24.600000 191268
24.700001 191268
24.799999 191268
24.900000 191268
25.000000 191268
25.100000 191268
25.200001 191268
25.299999 191232
25.400000 191232
25.500000 191232
25.600000 191232
25.700001 191232
25.799999 191232
25.900000 191232
26.000000 191232
26.100000 191232
26.200001 191232
26.299999 191232
26.400000 191232
26.500000 191232
26.600000 191232
26.700001 191232
26.799999 191232
26.900000 191232
27.000000 191232
27.100000 191232
27.200001 191232
27.299999 191232
27.400000 191232
27.500000 191232
27.600000 191232
27.700001 191232
27.799999 191232
27.900000 191232
28.000000 191232
28.100000 191232
28.200001 191232
28.299999 191232
28.400000 191232
28.500000 191232
28.600000 191232
28.700001 191232
28.799999 191232
28.900000 191232
29.000000 191232
29.100000 191232
29.200001 191232
29.299999 191200
29.400000 191200
29.500000 191200
29.600000 191200
29.700001 191264
29.799999 191264
29.900000 191264
30.000000 191264
30.100000 191264
30.200001 191264
30.299999 191264
30.400000 191264
30.500000 191264
30.600000 191264
30.700001 191264
30.799999 191264
30.900000 191264
31.000000 191264
31.100000 191264
31.200001 191264
31.299999 191264
31.400000 191224
31.500000 191224
31.600000 191224
31.700001 191224
31.799999 191224
31.900000 191224
32.000000 191224
32.099998 191224
32.200001 191224
32.299999 191224
32.400002 191224
32.500000 191224
32.599998 191224
32.700001 191224
32.799999 191288
32.900002 191256
33.000000 191256
33.099998 191256
33.200001 191256
33.299999 191256
33.400002 191256
33.500000 191256
33.599998 191256
33.700001 191256
33.799999 191256
33.900002 191256
34.000000 191256
34.099998 191256
34.200001 191256
34.299999 191256
34.400002 191256
34.500000 191256
34.599998 191256
34.700001 191256
34.799999 191256
34.900002 191224
35.000000 191224
35.099998 191224
35.200001 191224
35.299999 191224
35.400002 191224
35.500000 191224
35.599998 191224
35.700001 191224
35.799999 191224
35.900002 191224
36.000000 191224
36.099998 191224
36.200001 191224
36.299999 191256
36.400002 191256
36.500000 191256
36.599998 191256
36.700001 191256
36.799999 191256
36.900002 191224
37.000000 191224
37.099998 191224
37.200001 191224
37.299999 191224
37.400002 191224
37.500000 191224
37.599998 191224
37.700001 191224
37.799999 191224
37.900002 191224
38.000000 191224
38.099998 191224
38.200001 191224
38.299999 191224
38.400002 191224
38.500000 191224
38.599998 191224
38.700001 191224
38.799999 191224
38.900002 191224
39.000000 191224
39.099998 191224
39.200001 191224
39.299999 191224
39.400002 191256
39.500000 191248
39.599998 191248
39.700001 191248
39.799999 191248
39.900002 191248
40.000000 191248
40.099998 191248
40.200001 191248
40.299999 191248
40.400002 191248
40.500000 191248
40.599998 191248
40.700001 191248
40.799999 191248
40.900002 191248
41.000000 191248
41.099998 191248
41.200001 191248
41.299999 191216
41.400002 191216
41.500000 191216
41.599998 191216
41.700001 191216
41.799999 191216
41.900002 191216
42.000000 191216
42.099998 191248
42.200001 191248
42.299999 191248
42.400002 191248
42.500000 191248
42.599998 191248
42.700001 191248
42.799999 191248
42.900002 191248
43.000000 191248
43.099998 191248
43.200001 191248
43.299999 191248
43.400002 191216
43.500000 191216
43.599998 191216
43.700001 191216
43.799999 191216
43.900002 191216
44.000000 191216
44.099998 191216
44.200001 191216
44.299999 191216
44.400002 191216
44.500000 191216
44.599998 191216
44.700001 191216
44.799999 191216
44.900002 191216
45.000000 191216
45.099998 191216
45.200001 191216
45.299999 191248
45.400002 191248
45.500000 191248
45.599998 191248
45.700001 191248
45.799999 191248
45.900002 191248
46.000000 191248
46.099998 191248
46.200001 191248
46.299999 191248
46.400002 191248
46.500000 191248
46.599998 191248
46.700001 191248
46.799999 191248
46.900002 191248
47.000000 191248
47.099998 191248
47.200001 191248
47.299999 191248
47.400002 191216
47.500000 191216
47.599998 191216
47.700001 191216
47.799999 191216
47.900002 191216
48.000000 191216
48.099998 191216
48.200001 191216
48.299999 191216
48.400002 191248
48.500000 191248
48.599998 191248
48.700001 191248
48.799999 191248
48.900002 191248
49.000000 191248
49.099998 191248
49.200001 191248
49.299999 191212
49.400002 191212
49.500000 191212
49.599998 191212
49.700001 191212
49.799999 191212
49.900002 191212
50.000000 191212
50.099998 191212
50.200001 191212
50.299999 191212
50.400002 191212
50.500000 191212
50.599998 191212
50.700001 191212
50.799999 191212
50.900002 191212
51.000000 191212
51.099998 191212
51.200001 191212
51.299999 191180
51.400002 191180
51.500000 191180
51.599998 191244
51.700001 191244
51.799999 191244
51.900002 191244
52.000000 191244
52.099998 191244
52.200001 191244
52.299999 191244
52.400002 191244
52.500000 191244
52.599998 191244
52.700001 191244
52.799999 191244
52.900002 191244
53.000000 191244
53.099998 191244
53.200001 191244
53.299999 191212
53.400002 191212
53.500000 191212
53.599998 191212
53.700001 191212
53.799999 191212
53.900002 191212
54.000000 191212
54.099998 191212
54.200001 191212
54.299999 191204
54.400002 191204
54.500000 191204
54.599998 191204
54.700001 191268
54.799999 191268
54.900002 191268
55.000000 191268
55.099998 191268
55.200001 191268
55.299999 191236
55.400002 191236
55.500000 191236
55.599998 191236
55.700001 191236
55.799999 191236
55.900002 191236
56.000000 191236
56.099998 191236
56.200001 191236
56.299999 191236
56.400002 191236
56.500000 191236
56.599998 191236
56.700001 191236
56.799999 191236
56.900002 191236
57.000000 191236
57.099998 191236
57.200001 191236
57.299999 191204
57.400002 191204
57.500000 191204
57.599998 191204
57.700001 191204
57.799999 191204
57.900002 191236
58.000000 191236
58.099998 191236
58.200001 191236
58.299999 191236
58.400002 191236
58.500000 191236
58.599998 191236
58.700001 191236
58.799999 191236
58.900002 191236
59.000000 191236
59.099998 191236
59.200001 191236
59.299999 191204
59.400002 191204
59.500000 191204
59.599998 191204
59.700001 191204
59.799999 191204
59.900002 191204
60.000000 191204
60.099998 191204
60.200001 191204
60.299999 191204
60.400002 191204
60.500000 191204
60.599998 191204
60.700001 191204
60.799999 191204
60.900002 191204
61.000000 191204
61.099998 191204
61.200001 191204
61.299999 191236
61.400002 191236
61.500000 191236
61.599998 191236
61.700001 191236
61.799999 191236
61.900002 191236
62.000000 191236
62.099998 191236
62.200001 191236
62.299999 191236
62.400002 191236
62.500000 191236
62.599998 191236
62.700001 191236
62.799999 191236
62.900002 191236
63.000000 191236
63.099998 191236
63.200001 191236
63.299999 191204
63.400002 191204
63.500000 191204
63.599998 191204
63.700001 191204
63.799999 191204
63.900002 191204
64.000000 191204
64.099998 191236
64.199997 191236
64.300003 191236
64.400002 191236
64.500000 191236
64.599998 191236
64.699997 191236
64.800003 191236
64.900002 191236
65.000000 191236
65.099998 191236
65.199997 191236
65.300003 191204
65.400002 191204
65.500000 191204
65.599998 191204
65.699997 191204
65.800003 191204
65.900002 191204
66.000000 191204
66.099998 191204
66.199997 191204
66.300003 191204
66.400002 191204
66.500000 191204
66.599998 191204
66.699997 191204
66.800003 191204
66.900002 191204
67.000000 191204
67.099998 191204
67.199997 191204
67.300003 191236
67.400002 191236
67.500000 191236
67.599998 191236
67.699997 191236
67.800003 191236
67.900002 191236
68.000000 191236
68.099998 191236
68.199997 191236
68.300003 191236
68.400002 191236
68.500000 191236
68.599998 191236
68.699997 191236
68.800003 191236
68.900002 191236
69.000000 191236
69.099998 191236
69.199997 191236
69.300003 191204
69.400002 191204
69.500000 191204
69.599998 191204
69.699997 191204
69.800003 191204
69.900002 191204
70.000000 191204
70.099998 191204
70.199997 191204
70.300003 191236
70.400002 191236
70.500000 191236
70.599998 191236
70.699997 191236
70.800003 191236
70.900002 191236
71.000000 191236
71.099998 191236
71.199997 191236
71.300003 191204
71.400002 191204
71.500000 191204
71.599998 191204
71.699997 191204
71.800003 191204
71.900002 191204
72.000000 191204
72.099998 191204
72.199997 191204
72.300003 191204
72.400002 191204
72.500000 191204
72.599998 191204
72.699997 191204
72.800003 191204
72.900002 191204
73.000000 191204
73.099998 191204
73.199997 191204
73.300003 191168
73.400002 191168
73.500000 191232
73.599998 191232
73.699997 191232
73.800003 191232
73.900002 191232
74.000000 191232
74.099998 191232
74.199997 191232
74.300003 191232
74.400002 191232
74.500000 191232
74.599998 191232
74.699997 191232
74.800003 191232
74.900002 191232
75.000000 191232
75.099998 191232
75.199997 191232
75.300003 191200
75.400002 191200
75.500000 191200
75.599998 191200
75.699997 191200
75.800003 191200
75.900002 191200
76.000000 191200
76.099998 191200
76.199997 191200
76.300003 191200
76.400002 191200
76.500000 191200
76.599998 191264
76.699997 191264
76.800003 191264
76.900002 191264
77.000000 191264
77.099998 191264
77.199997 191264
77.300003 191232
77.400002 191232
77.500000 191232
77.599998 191232
77.699997 191232
77.800003 191232
77.900002 191232
78.000000 191232
78.099998 191232
78.199997 191232
78.300003 191232
78.400002 191232
78.500000 191232
78.599998 191232
78.699997 191232
78.800003 191232
78.900002 191232
79.000000 191232
79.099998 191232
79.199997 191232
79.300003 191192
79.400002 191192
79.500000 191192
79.599998 191192
79.699997 191192
79.800003 191224
79.900002 191224
80.000000 191224
80.099998 191224
80.199997 191224
80.300003 191224
80.400002 191224
80.500000 191224
80.599998 191224
80.699997 191224
80.800003 191224
80.900002 191224
81.000000 191224
81.099998 191224
81.199997 191224
81.300003 191192
81.400002 191192
81.500000 191192
81.599998 191192
81.699997 191192
81.800003 191192
81.900002 191192
82.000000 191192
82.099998 191192
82.199997 191192
82.300003 191192
82.400002 191192
82.500000 191192
82.599998 191192
82.699997 191192
82.800003 191192
82.900002 191192
83.000000 191192
83.099998 191192
83.199997 191192
83.300003 191224
83.400002 191224
83.500000 191224
83.599998 191224
83.699997 191224
83.800003 191224
83.900002 191224
84.000000 191224
84.099998 191224
84.199997 191224
84.300003 191224
84.400002 191224
84.500000 191224
84.599998 191224
84.699997 191224
84.800003 191224
84.900002 191224
85.000000 191224
85.099998 191224
85.199997 191224
85.300003 191224
85.400002 191224
85.500000 191224
85.599998 191192
85.699997 191192
85.800003 191192
85.900002 191192
86.000000 191192
86.099998 191192
86.199997 191192
86.300003 191192
86.400002 191192
86.500000 191192
86.599998 191192
86.699997 191192
86.800003 191192
86.900002 191192
87.000000 191192
87.099998 191192
87.199997 191192
87.300003 191184
87.400002 191184
87.500000 191184
87.599998 191184
87.699997 191184
87.800003 191184
87.900002 191184
88.000000 191184
88.099998 191184
88.199997 191184
88.300003 191184
88.400002 191184
88.500000 191184
88.599998 191184
88.699997 191184
88.800003 191184
88.900002 191184
89.000000 191184
89.099998 191184
89.199997 191184
89.300003 191184
89.400002 191184
89.500000 191184
89.599998 191184
89.699997 191184
89.800003 191184
89.900002 191184
90.000000 191216
90.099998 191216
90.199997 191216
90.300003 191216
90.400002 191216
90.500000 191216
90.599998 191216
90.699997 191216
90.800003 191216
90.900002 191216
91.000000 191216
91.099998 191216
91.199997 191216
91.300003 191184
91.400002 191184
91.500000 191184
91.599998 191184
91.699997 191184
91.800003 191184
91.900002 191184
92.000000 191184
92.099998 191184
92.199997 191184
92.300003 191184
92.400002 191184
92.500000 191184
92.599998 191184
92.699997 191184
92.800003 191184
92.900002 191184
93.000000 191184
93.099998 191184
93.199997 191184
93.300003 191184
93.400002 191184
93.500000 191184
93.599998 191184
93.699997 191184
93.800003 191184
93.900002 191184
94.000000 191184
94.099998 191184
94.199997 191184
94.300003 191184
94.400002 191152
94.500000 191152
94.599998 191152
94.699997 191152
94.800003 191152
94.900002 191216
95.000000 191216
95.099998 191216
95.199997 191216
95.300003 191216
95.400002 191216
95.500000 191216
95.599998 191216
95.699997 191216
95.800003 191216
95.900002 191216
96.000000 191216
96.099998 191216
96.199997 191216
96.300003 191184
96.400002 191184
96.500000 191184
96.599998 191184
96.699997 191184
96.800003 191184
96.900002 191184
97.000000 191184
97.099998 191184
97.199997 191184
97.300003 191180
97.400002 191180
97.500000 191180
97.599998 191180
97.699997 191180
97.800003 191180
97.900002 191180
98.000000 191244
98.099998 191244
98.199997 191244
98.300003 191212
98.400002 191212
98.500000 191212
98.599998 191212
98.699997 191212
98.800003 191212
98.900002 191212
99.000000 191212
99.099998 191212
99.199997 191212
99.300003 191212
99.400002 191212
99.500000 191212
99.599998 191212
99.699997 191212
99.800003 191212
99.900002 191212
100.000000 191212
100.099998 191212
100.199997 191212
100.300003 191212
100.400002 191180
100.500000 191180
100.599998 191180
100.699997 191180
100.800003 191180
100.900002 191180
101.000000 191180
101.099998 191180
101.199997 191180
101.300003 191212
101.400002 191212
101.500000 191212
101.599998 191212
101.699997 191212
101.800003 191212
101.900002 191212
102.000000 191212
102.099998 191212
102.199997 191212
102.300003 191180
102.400002 191180
102.500000 191180
102.599998 191180
102.699997 191180
102.800003 191180
102.900002 191180
103.000000 191180
103.099998 191180
103.199997 191180
103.300003 191172
103.400002 191172
103.500000 191172
103.599998 191172
103.699997 191172
103.800003 191172
103.900002 191172
104.000000 191172
104.099998 191172
104.199997 191172
104.300003 191204
104.400002 191204
104.500000 191204
104.599998 191204
104.699997 191204
104.800003 191204
104.900002 191204
105.000000 191204
105.099998 191204
105.199997 191204
105.300003 191204
105.400002 191204
105.500000 191204
105.599998 191204
105.699997 191204
105.800003 191204
105.900002 191204
106.000000 191204
106.099998 191204
106.199997 191204
106.300003 191204
106.400002 191172
106.500000 191172
106.599998 191172
106.699997 191172
106.800003 191172
106.900002 191172
107.000000 191172
107.099998 191172
107.199997 191172
107.300003 191172
107.400002 191172
107.500000 191172
107.599998 191172
107.699997 191172
107.800003 191172
107.900002 191172
108.000000 191172
108.099998 191172
108.199997 191172
108.300003 191172
108.400002 191172
108.500000 191172
108.599998 191172
108.699997 191172
108.800003 191172
108.900002 191172
109.000000 191172
109.099998 191172
109.199997 191172
109.300003 191172
109.400002 191172
109.500000 191172
109.599998 191172
109.699997 191172
109.800003 191172
109.900002 191172
110.000000 191172
110.099998 191172
110.199997 191172
110.300003 191172
110.400002 191140
110.500000 191140
110.599998 191204
110.699997 191204
110.800003 191204
110.900002 191204
111.000000 191204
111.099998 191204
111.199997 191204
111.300003 191204
111.400002 191204
111.500000 191204
111.599998 191204
111.699997 191204
111.800003 191204
111.900002 191204
112.000000 191204
112.099998 191204
112.199997 191204
112.300003 191172
112.400002 191172
112.500000 191172
112.599998 191172
112.699997 191172
112.800003 191172
112.900002 191172
113.000000 191172
113.099998 191172
113.199997 191172
113.300003 191172
113.400002 191172
113.500000 191172
113.599998 191172
113.699997 191172
113.800003 191172
113.900002 191172
114.000000 191172
114.099998 191172
114.199997 191172
114.300003 191172
114.400002 191172
114.500000 191172
114.599998 191172
114.699997 191172
114.800003 191172
114.900002 191172
115.000000 191172
115.099998 191172
115.199997 191172
115.300003 191172
115.400002 191172
115.500000 191172
115.599998 191172
115.699997 191172
115.800003 191172
115.900002 191172
116.000000 191172
116.099998 191172
116.199997 191172
116.300003 191140
116.400002 191140
116.500000 191140
116.599998 191140
116.699997 191140
116.800003 191204
116.900002 191204
117.000000 191204
117.099998 191204
117.199997 191204
117.300003 191204
117.400002 191204
117.500000 191204
117.599998 191204
117.699997 191204
117.800003 191204
117.900002 191204
118.000000 191204
118.099998 191204
118.199997 191204
118.300003 191172
118.400002 191172
118.500000 191172
118.599998 191172
118.699997 191172
118.800003 191172
118.900002 191172
119.000000 191172
119.099998 191172
119.199997 191172
119.300003 191172
119.400002 191172
119.500000 191172
119.599998 191172
119.699997 191172
119.800003 191172
119.900002 191172
120.000000 191236
