0.000000 191236
0.100000 191236
0.200000 191236
0.300000 191236
0.400000 191196
0.500000 191196
0.600000 191196
0.700000 191196
0.800000 191196
0.900000 191196
1.000000 191196
1.100000 191196
1.200000 191196
1.300000 191196
1.400000 191196
1.500000 191196
1.600000 191196
1.700000 191196
1.800000 191196
1.900000 191196
2.000000 191196
2.100000 191196
2.200000 191196
2.300000 191196
2.400000 191164
2.500000 191164
2.600000 191164
2.700000 191164
2.800000 191164
2.900000 191164
3.000000 191164
3.100000 191164
3.200000 191164
3.300000 191196
3.400000 191196
3.500000 191196
3.600000 191196
3.700000 191196
3.800000 191196
3.900000 191196
4.000000 191196
4.100000 191196
4.200000 191196
4.300000 191164
4.400000 191164
4.500000 191164
4.600000 191164
4.700000 191164
4.800000 191164
4.900000 191164
5.000000 191164
5.100000 191164
5.200000 191164
5.300000 191164
5.400000 191164
5.500000 191164
5.600000 191164
5.700000 191164
5.800000 191164
5.900000 191164
6.000000 191164
6.100000 191164
6.200000 191164
6.300000 191164
6.400000 191188
6.500000 191188
6.600000 191188
6.700000 191188
6.800000 191188
6.900000 191188
7.000000 191188
7.100000 191188
7.200000 191188
7.300000 191188
7.400000 191188
7.500000 191188
7.600000 191188
7.700000 191188
7.800000 191188
7.900000 191188
8.000000 191188
8.100000 191188
8.200000 191188
8.300000 191188
8.400000 191156
8.500000 191156
8.600000 191156
8.700000 191156
8.800000 191156
8.900000 191156
9.000000 191156
9.100000 191156
9.200000 191156
9.300000 191188
9.400000 191188
9.500000 191188
9.600000 191188
9.700000 191188
9.800000 191188
9.900000 191188
10.000000 191188
10.100000 191188
10.200000 191188
10.300000 191156
10.400000 191156
10.500000 191156
10.600000 191156
10.700000 191156
10.800000 191156
10.900000 191156
11.000000 191156
11.100000 191156
11.200000 191156
11.300000 191156
11.400000 191156
11.500000 191156
11.600000 191156
11.700000 191156
11.800000 191156
11.900000 191156
12.000000 191156
12.100000 191156
12.200000 191156
12.300000 191156
12.400000 191188
12.500000 191188
12.600000 191188
12.700000 191188
12.800000 191188
12.900000 191188
13.000000 191188
13.100000 191188
13.200000 191188
13.300000 191188
13.400000 191188
13.500000 191188
13.600000 191188
13.700000 191188
13.800000 191188
13.900000 191188
14.000000 191188
14.100000 191188
14.200000 191188
14.300000 191188
14.400000 191156
14.500000 191156
14.600000 191156
14.700000 191156
14.800000 191156
14.900000 191156
15.000000 191156
15.100000 191156
15.200000 191156
15.300000 191156
15.400000 191156
15.500000 191156
15.600000 191156
15.700000 191156
15.800000 191156
15.900000 191156
16.000000 191156
16.100000 191156
16.200001 191156
16.299999 191156
16.400000 191156
16.500000 191156
16.600000 191156
16.700001 191156
16.799999 191156
16.900000 191156
17.000000 191156
17.100000 191156
17.200001 191156
17.299999 191156
17.400000 191156
17.500000 191156
17.600000 191156
17.700001 191156
17.799999 191156
17.900000 191156
18.000000 191156
18.100000 191156
18.200001 191156
18.299999 191156
18.400000 191124
18.500000 191124
18.600000 191188
18.700001 191188
18.799999 191188
18.900000 191188
19.000000 191188
19.100000 191188
19.200001 191188
19.299999 191188
19.400000 191188
19.500000 191188
19.600000 191188
19.700001 191188
19.799999 191188
19.900000 191188
20.000000 191188
20.100000 191188
20.200001 191188
20.299999 191156
20.400000 191156
20.500000 191156
20.600000 191156
20.700001 191156
20.799999 191156
20.900000 191156
21.000000 191156
21.100000 191156
21.200001 191156
21.299999 191156
21.400000 191156
21.500000 191156
21.600000 191156
21.700001 191220
21.799999 191220
21.900000 191220
22.000000 191220
22.100000 191220
22.200001 191220
22.299999 191220
22.400000 191188
22.500000 191188
22.600000 191188
22.700001 191188
22.799999 191188
22.900000 191188
23.000000 191188
23.100000 191188
23.200001 191188
23.299999 191188
23.400000 191188
23.500000 191188
23.600000 191188
23.700001 191188
23.799999 191188
23.900000 191188
24.000000 191188
24.100000 191188
24.200001 191188
24.299999 191156
24.400000 191156
24.500000 191156
24.600000 191156
24.700001 191156
24.799999 191156
24.900000 191156
25.000000 191156
25.100000 191156
25.200001 191156
25.299999 191184
25.400000 191184
25.500000 191184
25.600000 191184
25.700001 191184
25.799999 191184
25.900000 191184
26.000000 191184
26.100000 191184
26.200001 191184
26.299999 191152
26.400000 191152
26.500000 191152
26.600000 191152
26.700001 191152
26.799999 191152
26.900000 191152
27.000000 191152
27.100000 191152
27.200001 191152
27.299999 191152
27.400000 191152
27.500000 191152
27.600000 191152
27.700001 191152
27.799999 191152
27.900000 191152
28.000000 191152
28.100000 191152
28.200001 191152
28.299999 191152
28.400000 191184
28.500000 191184
28.600000 191184
28.700001 191184
28.799999 191184
28.900000 191184
29.000000 191184
29.100000 191184
29.200001 191184
29.299999 191184
29.400000 191184
29.500000 191184
29.600000 191184
29.700001 191184
29.799999 191184
29.900000 191184
30.000000 191184
30.100000 191184
30.200001 191184
30.299999 191184
30.400000 191144
30.500000 191144
30.600000 191144
30.700001 191144
30.799999 191144
30.900000 191144
31.000000 191144
31.100000 191144
31.200001 191144
31.299999 191176
31.400000 191176
31.500000 191176
31.600000 191176
31.700001 191176
31.799999 191176
31.900000 191176
32.000000 191176
32.099998 191176
32.200001 191176
32.299999 191144
32.400002 191144
32.500000 191144
32.599998 191144
32.700001 191144
32.799999 191144
32.900002 191144
33.000000 191144
33.099998 191144
33.200001 191144
33.299999 191144
33.400002 191144
33.500000 191144
33.599998 191144
33.700001 191144
33.799999 191144
33.900002 191144
34.000000 191144
34.099998 191144
34.200001 191144
34.299999 191144
34.400002 191176
34.500000 191176
34.599998 191176
34.700001 191176
34.799999 191176
34.900002 191176
35.000000 191176
35.099998 191176
35.200001 191176
35.299999 191176
35.400002 191176
35.500000 191176
35.599998 191176
35.700001 191176
35.799999 191176
35.900002 191176
36.000000 191176
36.099998 191176
36.200001 191176
36.299999 191176
36.400002 191144
36.500000 191144
36.599998 191144
36.700001 191144
36.799999 191144
36.900002 191144
37.000000 191144
37.099998 191144
37.200001 191144
37.299999 191144
37.400002 191144
37.500000 191144
37.599998 191144
37.700001 191144
37.799999 191144
37.900002 191144
38.000000 191144
38.099998 191144
38.200001 191144
38.299999 191136
38.400002 191136
38.500000 191136
38.599998 191136
38.700001 191136
38.799999 191136
38.900002 191136
39.000000 191136
39.099998 191136
39.200001 191136
39.299999 191136
39.400002 191136
39.500000 191136
39.599998 191136
39.700001 191136
39.799999 191104
39.900002 191104
40.000000 191104
40.099998 191104
40.200001 191104
40.299999 191104
40.400002 191104
40.500000 191168
40.599998 191168
40.700001 191168
40.799999 191168
40.900002 191168
41.000000 191168
41.099998 191168
41.200001 191168
41.299999 191168
41.400002 191168
41.500000 191168
41.599998 191168
41.700001 191168
41.799999 191136
41.900002 191136
42.000000 191136
42.099998 191136
42.200001 191136
42.299999 191136
42.400002 191136
42.500000 191136
42.599998 191136
42.700001 191136
42.799999 191136
42.900002 191136
43.000000 191136
43.099998 191136
43.200001 191136
43.299999 191136
43.400002 191136
43.500000 191136
43.599998 191136
43.700001 191200
43.799999 191200
43.900002 191200
44.000000 191200
44.099998 191200
44.200001 191200
44.299999 191168
44.400002 191168
44.500000 191168
44.599998 191168
44.700001 191168
44.799999 191168
44.900002 191168
45.000000 191168
45.099998 191168
45.200001 191168
45.299999 191168
45.400002 191168
45.500000 191168
45.599998 191168
45.700001 191168
45.799999 191136
45.900002 191136
46.000000 191136
46.099998 191136
46.200001 191136
46.299999 191136
46.400002 191136
46.500000 191136
46.599998 191136
46.700001 191136
46.799999 191136
46.900002 191136
47.000000 191136
47.099998 191136
47.200001 191136
47.299999 191168
47.400002 191168
47.500000 191168
47.599998 191168
47.700001 191136
47.799999 191136
47.900002 191136
48.000000 191136
48.099998 191136
48.200001 191136
48.299999 191136
48.400002 191136
48.500000 191136
48.599998 191136
48.700001 191136
48.799999 191136
48.900002 191136
49.000000 191136
49.099998 191136
49.200001 191136
49.299999 191132
49.400002 191132
49.500000 191132
49.599998 191132
49.700001 191132
49.799999 191132
49.900002 191132
50.000000 191132
50.099998 191132
50.200001 191132
50.299999 191164
50.400002 191164
50.500000 191164
50.599998 191164
50.700001 191164
50.799999 191164
50.900002 191164
51.000000 191164
51.099998 191164
51.200001 191164
51.299999 191164
51.400002 191164
51.500000 191164
51.599998 191164
51.700001 191164
51.799999 191164
51.900002 191164
52.000000 191164
52.099998 191164
52.200001 191164
52.299999 191132
52.400002 191132
52.500000 191132
52.599998 191132
52.700001 191132
52.799999 191132
52.900002 191132
53.000000 191164
53.099998 191164
53.200001 191164
53.299999 191164
53.400002 191164
53.500000 191164
53.599998 191164
53.700001 191164
53.799999 191164
53.900002 191164
54.000000 191164
54.099998 191164
54.200001 191164
54.299999 191132
54.400002 191124
54.500000 191124
54.599998 191124
54.700001 191124
54.799999 191124
54.900002 191124
55.000000 191124
55.099998 191124
55.200001 191124
55.299999 191124
55.400002 191124
55.500000 191124
55.599998 191124
55.700001 191124
55.799999 191124
55.900002 191124
56.000000 191124
56.099998 191124
56.200001 191124
56.299999 191156
56.400002 191156
56.500000 191156
56.599998 191156
56.700001 191156
56.799999 191156
56.900002 191156
57.000000 191156
57.099998 191156
57.200001 191156
57.299999 191156
57.400002 191156
57.500000 191156
57.599998 191156
57.700001 191156
57.799999 191156
57.900002 191156
58.000000 191156
58.099998 191156
58.200001 191156
58.299999 191124
58.400002 191124
58.500000 191124
58.599998 191124
58.700001 191124
58.799999 191124
58.900002 191124
59.000000 191124
59.099998 191124
59.200001 191124
59.299999 191156
59.400002 191156
59.500000 191156
59.599998 191156
59.700001 191156
59.799999 191156
59.900002 191156
60.000000 191156
60.099998 191156
60.200001 191156
60.299999 191124
60.400002 191124
60.500000 191124
60.599998 191124
60.700001 191124
60.799999 191124
60.900002 191124
61.000000 191124
61.099998 191124
61.200001 191124
61.299999 191124
61.400002 191124
61.500000 191124
61.599998 191124
61.700001 191124
61.799999 191124
61.900002 191124
62.000000 191124
62.099998 191124
62.200001 191124
62.299999 191092
62.400002 191156
62.500000 191156
62.599998 191156
62.700001 191156
62.799999 191156
62.900002 191156
63.000000 191156
63.099998 191156
63.200001 191156
63.299999 191156
63.400002 191156
63.500000 191156
63.599998 191156
63.700001 191156
63.799999 191156
63.900002 191156
64.000000 191156
64.099998 191156
64.199997 191156
64.300003 191124
64.400002 191124
64.500000 191124
64.599998 191124
64.699997 191124
64.800003 191124
64.900002 191124
65.000000 191124
65.099998 191124
65.199997 191124
65.300003 191124
65.400002 191124
65.500000 191124
65.599998 191188
65.699997 191188
65.800003 191188
65.900002 191188
66.000000 191188
66.099998 191188
66.199997 191188
66.300003 191156
66.400002 191156
66.500000 191156
66.599998 191156
66.699997 191156
66.800003 191156
66.900002 191156
67.000000 191156
67.099998 191156
67.199997 191156
67.300003 191156
67.400002 191156
67.500000 191156
67.599998 191156
67.699997 191156
67.800003 191156
67.900002 191156
68.000000 191156
68.099998 191156
68.199997 191156
68.300003 191124
68.400002 191124
68.500000 191124
68.599998 191124
68.699997 191156
68.800003 191156
68.900002 191156
69.000000 191156
69.099998 191156
69.199997 191156
69.300003 191156
69.400002 191156
69.500000 191156
69.599998 191156
69.699997 191156
69.800003 191156
69.900002 191156
70.000000 191156
70.099998 191156
70.199997 191156
70.300003 191124
70.400002 191124
70.500000 191124
70.599998 191124
70.699997 191124
70.800003 191124
70.900002 191124
71.000000 191124
71.099998 191124
71.199997 191124
71.300003 191124
71.400002 191124
71.500000 191124
71.599998 191124
71.699997 191124
71.800003 191124
71.900002 191124
72.000000 191124
72.099998 191124
72.199997 191124
72.300003 191156
72.400002 191156
72.500000 191156
72.599998 191156
72.699997 191156
72.800003 191156
72.900002 191156
73.000000 191156
73.099998 191156
73.199997 191156
73.300003 191152
73.400002 191152
73.500000 191152
73.599998 191152
73.699997 191152
73.800003 191152
73.900002 191152
74.000000 191152
74.099998 191152
74.199997 191152
74.300003 191120
74.400002 191120
74.500000 191120
74.599998 191120
74.699997 191120
74.800003 191120
74.900002 191152
75.000000 191152
75.099998 191152
75.199997 191152
75.300003 191152
75.400002 191152
75.500000 191152
75.599998 191152
75.699997 191152
75.800003 191152
75.900002 191152
76.000000 191152
76.099998 191152
76.199997 191152
76.300003 191120
76.400002 191120
76.500000 191120
76.599998 191120
76.699997 191120
76.800003 191120
76.900002 191120
77.000000 191120
77.099998 191120
77.199997 191120
77.300003 191120
77.400002 191120
77.500000 191120
77.599998 191120
77.699997 191120
77.800003 191120
77.900002 191120
78.000000 191120
78.099998 191120
78.199997 191120
78.300003 191152
78.400002 191144
78.500000 191144
78.599998 191144
78.699997 191144
78.800003 191144
78.900002 191144
79.000000 191144
79.099998 191144
79.199997 191144
79.300003 191144
79.400002 191144
79.500000 191144
79.599998 191144
79.699997 191144
79.800003 191144
79.900002 191144
80.000000 191144
80.099998 191144
80.199997 191144
80.300003 191112
80.400002 191112
80.500000 191112
80.599998 191112
80.699997 191112
80.800003 191112
80.900002 191112
81.000000 191112
81.099998 191112
81.199997 191144
81.300003 191144
81.400002 191144
81.500000 191144
81.599998 191144
81.699997 191144
81.800003 191144
81.900002 191144
82.000000 191144
82.099998 191144
82.199997 191144
82.300003 191112
82.400002 191112
82.500000 191112
82.599998 191112
82.699997 191112
82.800003 191112
82.900002 191112
83.000000 191112
83.099998 191112
83.199997 191112
83.300003 191112
83.400002 191112
83.500000 191112
83.599998 191112
83.699997 191112
83.800003 191112
83.900002 191112
84.000000 191112
84.099998 191112
84.199997 191112
84.300003 191144
84.400002 191144
84.500000 191144
84.599998 191144
84.699997 191144
84.800003 191144
84.900002 191144
85.000000 191144
85.099998 191144
85.199997 191144
85.300003 191144
85.400002 191144
85.500000 191144
85.599998 191144
85.699997 191144
85.800003 191144
85.900002 191144
86.000000 191144
86.099998 191144
86.199997 191144
86.300003 191112
86.400002 191112
86.500000 191112
86.599998 191112
86.699997 191112
86.800003 191112
86.900002 191112
87.000000 191112
87.099998 191112
87.199997 191112
87.300003 191112
87.400002 191176
87.500000 191176
87.599998 191176
87.699997 191176
87.800003 191176
87.900002 191176
88.000000 191176
88.099998 191176
88.199997 191176
88.300003 191144
88.400002 191144
88.500000 191144
88.599998 191144
88.699997 191144
88.800003 191144
88.900002 191144
89.000000 191144
89.099998 191144
89.199997 191144
89.300003 191144
89.400002 191144
89.500000 191144
89.599998 191144
89.699997 191144
89.800003 191144
89.900002 191144
90.000000 191144
90.099998 191144
90.199997 191144
90.300003 191104
90.400002 191104
90.500000 191136
90.599998 191136
90.699997 191136
90.800003 191136
90.900002 191136
91.000000 191136
91.099998 191136
91.199997 191136
91.300003 191136
91.400002 191136
91.500000 191136
91.599998 191136
91.699997 191136
91.800003 191136
91.900002 191136
92.000000 191136
92.099998 191136
92.199997 191136
92.300003 191104
92.400002 191104
92.500000 191104
92.599998 191104
92.699997 191104
92.800003 191104
92.900002 191104
93.000000 191104
93.099998 191104
93.199997 191104
93.300003 191104
93.400002 191104
93.500000 191104
93.599998 191104
93.699997 191104
93.800003 191104
93.900002 191104
94.000000 191104
94.099998 191104
94.199997 191104
94.300003 191136
94.400002 191136
94.500000 191136
94.599998 191136
94.699997 191136
94.800003 191136
94.900002 191136
95.000000 191136
95.099998 191136
95.199997 191136
95.300003 191136
95.400002 191136
95.500000 191136
95.599998 191136
95.699997 191136
95.800003 191136
95.900002 191136
96.000000 191136
96.099998 191136
96.199997 191136
96.300003 191104
96.400002 191104
96.500000 191104
96.599998 191104
96.699997 191104
96.800003 191136
96.900002 191136
97.000000 191136
97.099998 191136
97.199997 191136
97.300003 191132
97.400002 191132
97.500000 191132
97.599998 191132
97.699997 191132
97.800003 191132
97.900002 191132
98.000000 191132
98.099998 191132
98.199997 191132
98.300003 191100
98.400002 191100
98.500000 191100
98.599998 191100
98.699997 191100
98.800003 191100
98.900002 191100
99.000000 191100
99.099998 191100
99.199997 191100
99.300003 191100
99.400002 191100
99.500000 191100
99.599998 191100
99.699997 191100
99.800003 191100
99.900002 191100
100.000000 191100
100.099998 191100
100.199997 191100
100.300003 191132
100.400002 191132
100.500000 191132
100.599998 191132
100.699997 191132
100.800003 191132
100.900002 191132
101.000000 191132
101.099998 191132
101.199997 191132
101.300003 191132
101.400002 191132
101.500000 191132
101.599998 191132
101.699997 191132
101.800003 191132
101.900002 191132
102.000000 191132
102.099998 191132
102.199997 191132
102.300003 191100
102.400002 191100
102.500000 191092
102.599998 191092
102.699997 191092
102.800003 191092
102.900002 191092
103.000000 191092
103.099998 191124
103.199997 191124
103.300003 191124
103.400002 191124
103.500000 191124
103.599998 191124
103.699997 191124
103.800003 191124
103.900002 191124
104.000000 191124
104.099998 191124
104.199997 191124
104.300003 191092
104.400002 191092
104.500000 191092
104.599998 191092
104.699997 191092
104.800003 191092
104.900002 191092
105.000000 191092
105.099998 191092
105.199997 191092
105.300003 191092
105.400002 191092
105.500000 191092
105.599998 191092
105.699997 191092
105.800003 191092
105.900002 191092
106.000000 191092
106.099998 191092
106.199997 191092
106.300003 191124
106.400002 191124
106.500000 191124
106.599998 191124
106.699997 191124
106.800003 191124
106.900002 191124
107.000000 191124
107.099998 191124
107.199997 191124
107.300003 191124
107.400002 191124
107.500000 191124
107.599998 191124
107.699997 191124
107.800003 191124
107.900002 191124
108.000000 191124
108.099998 191124
108.199997 191124
108.300003 191092
108.400002 191092
108.500000 191092
108.599998 191092
108.699997 191092
108.800003 191092
108.900002 191092
109.000000 191092
109.099998 191092
109.199997 191092
109.300003 191156
109.400002 191156
109.500000 191156
109.599998 191156
109.699997 191156
109.800003 191156
109.900002 191156
110.000000 191156
110.099998 191156
110.199997 191156
110.300003 191124
110.400002 191124
110.500000 191124
110.599998 191124
110.699997 191124
110.800003 191124
110.900002 191124
111.000000 191124
111.099998 191124
111.199997 191124
111.300003 191124
111.400002 191124
111.500000 191124
111.599998 191124
111.699997 191124
111.800003 191124
111.900002 191124
112.000000 191124
112.099998 191124
112.199997 191124
112.300003 191092
112.400002 191124
112.500000 191124
112.599998 191124
112.699997 191124
112.800003 191124
112.900002 191124
113.000000 191124
113.099998 191124
113.199997 191124
113.300003 191124
113.400002 191092
113.500000 191092
113.599998 191092
113.699997 191092
113.800003 191092
113.900002 191092
114.000000 191092
114.099998 191092
114.199997 191092
114.300003 191092
114.400002 191092
114.500000 191092
114.599998 191092
114.699997 191092
114.800003 191092
114.900002 191092
115.000000 191092
115.099998 191092
115.199997 191092
115.300003 191092
115.400002 191092
115.500000 191092
115.599998 191092
115.699997 191092
115.800003 191092
115.900002 191092
116.000000 191092
116.099998 191092
116.199997 191092
116.300003 191124
116.400002 191124
116.500000 191124
116.599998 191124
116.699997 191124
116.800003 191124
116.900002 191124
117.000000 191124
117.099998 191124
117.199997 191124
117.300003 191124
117.400002 191124
117.500000 191124
117.599998 191124
117.699997 191124
117.800003 191124
117.900002 191124
118.000000 191124
118.099998 191124
118.199997 191124
118.300003 191092
118.400002 191092
118.500000 191092
118.599998 191092
118.699997 191124
118.800003 191124
118.900002 191124
119.000000 191124
119.099998 191124
119.199997 191124
119.300003 191124
119.400002 191124
119.500000 191124
119.599998 191124
119.699997 191124
119.800003 191124
119.900002 191124
120.000000 191124
