0.000000 191124
0.100000 191124
0.200000 191124
0.300000 191116
0.400000 191116
0.500000 191116
0.600000 191116
0.700000 191116
0.800000 191116
0.900000 191116
1.000000 191116
1.100000 191116
1.200000 191084
1.300000 191084
1.400000 191084
1.500000 191084
1.600000 191084
1.700000 191148
1.800000 191148
1.900000 191148
2.000000 191148
2.100000 191148
2.200000 191148
2.300000 191148
2.400000 191148
2.500000 191148
2.600000 191148
2.700000 191148
2.800000 191148
2.900000 191148
3.000000 191148
3.100000 191148
3.200000 191116
3.300000 191116
3.400000 191116
3.500000 191116
3.600000 191116
3.700000 191116
3.800000 191116
3.900000 191116
4.000000 191116
4.100000 191116
4.200000 191116
4.300000 191116
4.400000 191116
4.500000 191116
4.600000 191116
4.700000 191116
4.800000 191148
4.900000 191148
5.000000 191148
5.100000 191148
5.200000 191116
5.300000 191116
5.400000 191116
5.500000 191116
5.600000 191116
5.700000 191116
5.800000 191116
5.900000 191116
6.000000 191116
6.100000 191116
6.200000 191116
6.300000 191108
6.400000 191108
6.500000 191108
6.600000 191108
6.700000 191108
6.800000 191108
6.900000 191108
7.000000 191108
7.100000 191108
7.200000 191108
7.300000 191076
7.400000 191140
7.500000 191140
7.600000 191140
7.700000 191140
7.800000 191140
7.900000 191140
8.000000 191140
8.100000 191140
8.200000 191140
8.300000 191108
8.400000 191108
8.500000 191108
8.600000 191108
8.700000 191108
8.800000 191108
8.900000 191108
9.000000 191172
9.100000 191172
9.200000 191172
9.300000 191140
9.400000 191140
9.500000 191140
9.600000 191140
9.700000 191140
9.800000 191140
9.900000 191140
10.000000 191140
10.100000 191140
10.200000 191140
10.300000 191108
10.400000 191108
10.500000 191108
10.600000 191108
10.700000 191108
10.800000 191108
10.900000 191108
11.000000 191108
11.100000 191108
11.200000 191108
11.300000 191140
11.400000 191140
11.500000 191140
11.600000 191140
11.700000 191140
11.800000 191140
11.900000 191108
12.000000 191108
12.100000 191108
12.200000 191108
12.300000 191108
12.400000 191108
12.500000 191108
12.600000 191108
12.700000 191108
12.800000 191108
12.900000 191108
13.000000 191108
13.100000 191108
13.200000 191108
13.300000 191108
13.400000 191108
13.500000 191108
13.600000 191108
13.700000 191108
13.800000 191108
13.900000 191108
14.000000 191108
14.100000 191108
14.200000 191108
14.300000 191140
14.400000 191140
14.500000 191140
14.600000 191140
14.700000 191140
14.800000 191140
14.900000 191140
15.000000 191140
15.100000 191140
15.200000 191140
15.300000 191140
15.400000 191140
15.500000 191140
15.600000 191140
15.700000 191140
15.800000 191140
15.900000 191140
16.000000 191140
16.100000 191140
16.200001 191140
16.299999 191108
16.400000 191108
16.500000 191108
16.600000 191108
16.700001 191108
16.799999 191108
16.900000 191108
17.000000 191108
17.100000 191140
17.200001 191140
17.299999 191140
17.400000 191140
17.500000 191140
17.600000 191140
17.700001 191140
17.799999 191140
17.900000 191140
18.000000 191140
18.100000 191140
18.200001 191140
18.299999 191108
18.400000 191108
18.500000 191108
18.600000 191108
18.700001 191108
18.799999 191108
18.900000 191108
19.000000 191108
19.100000 191108
19.200001 191108
19.299999 191108
19.400000 191108
19.500000 191108
19.600000 191108
19.700001 191108
19.799999 191108
19.900000 191108
20.000000 191108
20.100000 191108
20.200001 191108
20.299999 191140
20.400000 191140
20.500000 191140
20.600000 191140
20.700001 191140
20.799999 191140
20.900000 191140
21.000000 191140
21.100000 191140
21.200001 191140
21.299999 191140
21.400000 191140
21.500000 191140
21.600000 191140
21.700001 191140
21.799999 191140
21.900000 191140
22.000000 191140
22.100000 191140
22.200001 191140
22.299999 191108
22.400000 191108
22.500000 191108
22.600000 191108
22.700001 191108
22.799999 191108
22.900000 191108
23.000000 191108
23.100000 191108
23.200001 191108
23.299999 191108
23.400000 191108
23.500000 191108
23.600000 191108
23.700001 191108
23.799999 191108
23.900000 191108
24.000000 191108
24.100000 191108
24.200001 191108
24.299999 191108
24.400000 191108
24.500000 191108
24.600000 191108
24.700001 191108
24.799999 191108
24.900000 191108
25.000000 191108
25.100000 191108
25.200001 191108
25.299999 191104
25.400000 191104
25.500000 191104
25.600000 191104
25.700001 191104
25.799999 191104
25.900000 191104
26.000000 191104
26.100000 191104
26.200001 191104
26.299999 191072
26.400000 191136
26.500000 191136
26.600000 191136
26.700001 191136
26.799999 191136
26.900000 191136
27.000000 191136
27.100000 191136
27.200001 191136
27.299999 191136
27.400000 191136
27.500000 191136
27.600000 191136
27.700001 191136
27.799999 191136
27.900000 191136
28.000000 191136
28.100000 191136
28.200001 191136
28.299999 191104
28.400000 191104
28.500000 191104
28.600000 191104
28.700001 191104
28.799999 191104
28.900000 191104
29.000000 191104
29.100000 191104
29.200001 191104
29.299999 191104
29.400000 191104
29.500000 191104
29.600000 191168
29.700001 191168
29.799999 191168
29.900000 191168
30.000000 191168
30.100000 191168
30.200001 191168
30.299999 191128
30.400000 191128
30.500000 191128
30.600000 191128
30.700001 191128
30.799999 191128
30.900000 191128
31.000000 191128
31.100000 191128
31.200001 191128
31.299999 191128
31.400000 191128
31.500000 191128
31.600000 191128
31.700001 191128
31.799999 191128
31.900000 191128
32.000000 191128
32.099998 191128
32.200001 191128
32.299999 191096
32.400002 191096
32.500000 191096
32.599998 191096
32.700001 191128
32.799999 191128
32.900002 191128
33.000000 191128
33.099998 191128
33.200001 191128
33.299999 191128
33.400002 191128
33.500000 191128
33.599998 191128
33.700001 191128
33.799999 191128
33.900002 191128
34.000000 191128
34.099998 191128
34.200001 191128
34.299999 191096
34.400002 191096
34.500000 191096
34.599998 191096
34.700001 191096
34.799999 191096
34.900002 191096
35.000000 191096
35.099998 191096
35.200001 191096
35.299999 191096
35.400002 191096
35.500000 191096
35.599998 191096
35.700001 191096
35.799999 191096
35.900002 191096
36.000000 191096
36.099998 191096
36.200001 191096
36.299999 191128
36.400002 191128
36.500000 191128
36.599998 191128
36.700001 191128
36.799999 191128
36.900002 191128
37.000000 191128
37.099998 191128
37.200001 191128
37.299999 191128
37.400002 191128
37.500000 191128
37.599998 191128
37.700001 191128
37.799999 191128
37.900002 191128
38.000000 191128
38.099998 191128
38.200001 191128
38.299999 191096
38.400002 191096
38.500000 191096
38.599998 191096
38.700001 191096
38.799999 191096
38.900002 191128
39.000000 191128
39.099998 191128
39.200001 191128
39.299999 191128
39.400002 191128
39.500000 191128
39.599998 191128
39.700001 191128
39.799999 191128
39.900002 191128
40.000000 191128
40.099998 191128
40.200001 191128
40.299999 191096
40.400002 191096
40.500000 191096
40.599998 191096
40.700001 191096
40.799999 191096
40.900002 191096
41.000000 191096
41.099998 191096
41.200001 191096
41.299999 191096
41.400002 191096
41.500000 191096
41.599998 191096
41.700001 191096
41.799999 191096
41.900002 191096
42.000000 191096
42.099998 191096
42.200001 191096
42.299999 191128
42.400002 191128
42.500000 191128
42.599998 191128
42.700001 191128
42.799999 191128
42.900002 191128
43.000000 191128
43.099998 191128
43.200001 191128
43.299999 191128
43.400002 191128
43.500000 191128
43.599998 191128
43.700001 191128
43.799999 191128
43.900002 191128
44.000000 191128
44.099998 191128
44.200001 191128
44.299999 191096
44.400002 191096
44.500000 191096
44.599998 191096
44.700001 191096
44.799999 191096
44.900002 191096
45.000000 191096
45.099998 191096
45.200001 191128
45.299999 191128
45.400002 191128
45.500000 191128
45.599998 191128
45.700001 191128
45.799999 191128
45.900002 191128
46.000000 191128
46.099998 191128
46.200001 191128
46.299999 191096
46.400002 191096
46.500000 191096
46.599998 191096
46.700001 191096
46.799999 191096
46.900002 191096
47.000000 191096
47.099998 191096
47.200001 191096
47.299999 191096
47.400002 191096
47.500000 191096
47.599998 191096
47.700001 191096
47.799999 191096
47.900002 191096
48.000000 191096
48.099998 191096
48.200001 191096
48.299999 191380
48.400002 191380
48.500000 191380
48.599998 191380
48.700001 191380
48.799999 191380
48.900002 191380
49.000000 191380
49.099998 191380
49.200001 191380
49.299999 191376
49.400002 191376
49.500000 191376
49.599998 191376
49.700001 191376
49.799999 191376
49.900002 191376
50.000000 191376
50.099998 191376
50.200001 191376
50.299999 191344
50.400002 191344
50.500000 191344
50.599998 191344
50.700001 191344
50.799999 191344
50.900002 191344
51.000000 191344
51.099998 191344
51.200001 191344
51.299999 191344
51.400002 191344
51.500000 191408
51.599998 191408
51.700001 191408
51.799999 191408
51.900002 191408
52.000000 191408
52.099998 191408
52.200001 191408
52.299999 191376
52.400002 191376
52.500000 191376
52.599998 191376
52.700001 191376
52.799999 191376
52.900002 191376
53.000000 191376
53.099998 191376
53.200001 191376
53.299999 191376
53.400002 191376
53.500000 191376
53.599998 191376
53.700001 191376
53.799999 191376
53.900002 191376
54.000000 191376
54.099998 191376
54.200001 191376
54.299999 191344
54.400002 191336
54.500000 191336
54.599998 191368
54.700001 191368
54.799999 191368
54.900002 191368
55.000000 191368
55.099998 191368
55.200001 191368
55.299999 191368
55.400002 191368
55.500000 191368
55.599998 191368
55.700001 191368
55.799999 191368
55.900002 191368
56.000000 191368
56.099998 191368
56.200001 191368
56.299999 191336
56.400002 191336
56.500000 191336
56.599998 191336
56.700001 191336
56.799999 191336
56.900002 191336
57.000000 191336
57.099998 191336
57.200001 191336
57.299999 191336
57.400002 191336
57.500000 191336
57.599998 191336
57.700001 191336
57.799999 191336
57.900002 191336
58.000000 191336
58.099998 191336
58.200001 191336
58.299999 191368
58.400002 191368
58.500000 191368
58.599998 191368
58.700001 191368
58.799999 191368
58.900002 191368
59.000000 191368
59.099998 191368
59.200001 191368
59.299999 191368
59.400002 191368
59.500000 191368
59.599998 191368
59.700001 191368
59.799999 191368
59.900002 191368
60.000000 191368
60.099998 191368
60.200001 191368
60.299999 191336
60.400002 191336
60.500000 191336
60.599998 191336
60.700001 191336
60.799999 191336
60.900002 191368
61.000000 191368
61.099998 191368
61.200001 191368
61.299999 191368
61.400002 191368
61.500000 191368
61.599998 191368
61.700001 191368
61.799999 191368
61.900002 191368
62.000000 191368
62.099998 191368
62.200001 191368
62.299999 191336
62.400002 191336
62.500000 191336
62.599998 191336
62.700001 191336
62.799999 191336
62.900002 191336
63.000000 191336
63.099998 191336
63.200001 191336
63.299999 191336
63.400002 191336
63.500000 191336
63.599998 191336
63.700001 191336
63.799999 191336
63.900002 191336
64.000000 191336
64.099998 191336
64.199997 191336
64.300003 191368
64.400002 191368
64.500000 191368
64.599998 191368
64.699997 191368
64.800003 191368
64.900002 191368
65.000000 191368
65.099998 191368
65.199997 191368
65.300003 191368
65.400002 191368
65.500000 191368
65.599998 191368
65.699997 191368
65.800003 191368
65.900002 191368
66.000000 191368
66.099998 191368
66.199997 191368
66.300003 191336
66.400002 191336
66.500000 191336
66.599998 191336
66.699997 191336
66.800003 191336
66.900002 191336
67.000000 191336
67.099998 191336
67.199997 191336
67.300003 191368
67.400002 191368
67.500000 191368
67.599998 191368
67.699997 191368
67.800003 191336
67.900002 191336
68.000000 191336
68.099998 191336
68.199997 191336
68.300003 191336
68.400002 191336
68.500000 191336
68.599998 191336
68.699997 191336
68.800003 191336
68.900002 191336
69.000000 191336
69.099998 191336
69.199997 191336
69.300003 191336
69.400002 191304
69.500000 191304
69.599998 191304
69.699997 191304
69.800003 191304
69.900002 191304
70.000000 191304
70.099998 191368
70.199997 191368
70.300003 191368
70.400002 191368
70.500000 191368
70.599998 191368
70.699997 191368
70.800003 191368
70.900002 191368
71.000000 191368
71.099998 191368
71.199997 191368
71.300003 191368
71.400002 191336
71.500000 191336
71.599998 191336
71.699997 191336
71.800003 191336
71.900002 191336
72.000000 191336
72.099998 191336
72.199997 191336
72.300003 191336
72.400002 191336
72.500000 191336
72.599998 191336
72.699997 191336
72.800003 191336
72.900002 191336
73.000000 191336
73.099998 191336
73.199997 191336
73.300003 191396
73.400002 191364
73.500000 191364
73.599998 191364
73.699997 191364
73.800003 191364
73.900002 191364
74.000000 191364
74.099998 191364
74.199997 191364
74.300003 191364
74.400002 191364
74.500000 191364
74.599998 191364
74.699997 191364
74.800003 191364
74.900002 191364
75.000000 191364
75.099998 191364
75.199997 191364
75.300003 191364
75.400002 191332
75.500000 191332
75.599998 191332
75.699997 191332
75.800003 191332
75.900002 191332
76.000000 191332
76.099998 191332
76.199997 191332
76.300003 191332
76.400002 191332
76.500000 191332
76.599998 191332
76.699997 191332
76.800003 191332
76.900002 191332
77.000000 191332
77.099998 191332
77.199997 191332
77.300003 191364
77.400002 191332
77.500000 191332
77.599998 191332
77.699997 191332
77.800003 191332
77.900002 191332
78.000000 191332
78.099998 191332
78.199997 191332
78.300003 191332
78.400002 191332
78.500000 191332
78.599998 191332
78.699997 191332
78.800003 191332
78.900002 191332
79.000000 191332
79.099998 191332
79.199997 191332
79.300003 191324
79.400002 191292
79.500000 191292
79.599998 191356
79.699997 191356
79.800003 191356
79.900002 191356
80.000000 191356
80.099998 191356
80.199997 191356
80.300003 191356
80.400002 191356
80.500000 191356
80.599998 191356
80.699997 191356
80.800003 191356
80.900002 191356
81.000000 191356
81.099998 191356
81.199997 191356
81.300003 191356
81.400002 191324
81.500000 191324
81.599998 191324
81.699997 191324
81.800003 191324
81.900002 191324
82.000000 191324
82.099998 191324
82.199997 191324
82.300003 191324
82.400002 191324
82.500000 191324
82.599998 191324
82.699997 191324
82.800003 191324
82.900002 191324
83.000000 191324
83.099998 191324
83.199997 191324
83.300003 191356
83.400002 191324
83.500000 191324
83.599998 191324
83.699997 191324
83.800003 191324
83.900002 191324
84.000000 191324
84.099998 191324
84.199997 191324
84.300003 191324
84.400002 191324
84.500000 191324
84.599998 191324
84.699997 191324
84.800003 191324
84.900002 191324
85.000000 191324
85.099998 191324
85.199997 191324
85.300003 191324
85.400002 191284
85.500000 191284
85.599998 191284
85.699997 191284
85.800003 191284
85.900002 191348
86.000000 191348
86.099998 191348
86.199997 191348
86.300003 191348
86.400002 191348
86.500000 191348
86.599998 191348
86.699997 191348
86.800003 191348
86.900002 191348
87.000000 191348
87.099998 191348
87.199997 191348
87.300003 191316
87.400002 191316
87.500000 191316
87.599998 191316
87.699997 191316
87.800003 191316
87.900002 191316
88.000000 191316
88.099998 191316
88.199997 191316
88.300003 191316
88.400002 191316
88.500000 191316
88.599998 191316
88.699997 191316
88.800003 191316
88.900002 191316
89.000000 191316
89.099998 191316
89.199997 191316
89.300003 191316
89.400002 191316
89.500000 191316
89.599998 191316
89.699997 191316
89.800003 191316
89.900002 191316
90.000000 191316
90.099998 191316
90.199997 191316
90.300003 191316
90.400002 191316
90.500000 191316
90.599998 191316
90.699997 191316
90.800003 191316
90.900002 191316
91.000000 191316
91.099998 191316
91.199997 191316
91.300003 191284
91.400002 191284
91.500000 191284
91.599998 191284
91.699997 191284
91.800003 191284
91.900002 191284
92.000000 191348
92.099998 191348
92.199997 191348
92.300003 191348
92.400002 191348
92.500000 191348
92.599998 191348
92.699997 191348
92.800003 191348
92.900002 191348
93.000000 191348
93.099998 191348
93.199997 191348
93.300003 191316
93.400002 191316
93.500000 191316
93.599998 191316
93.699997 191316
93.800003 191316
93.900002 191316
94.000000 191316
94.099998 191316
94.199997 191316
94.300003 191316
94.400002 191316
94.500000 191316
94.599998 191316
94.699997 191316
94.800003 191316
94.900002 191316
95.000000 191316
95.099998 191316
95.199997 191380
95.300003 191348
95.400002 191348
95.500000 191348
95.599998 191348
95.699997 191348
95.800003 191348
95.900002 191348
96.000000 191348
96.099998 191348
96.199997 191348
96.300003 191348
96.400002 191348
96.500000 191348
96.599998 191348
96.699997 191348
96.800003 191348
96.900002 191348
97.000000 191348
97.099998 191348
97.199997 191348
97.300003 191312
97.400002 191312
97.500000 191312
97.599998 191312
97.699997 191312
97.800003 191312
97.900002 191312
98.000000 191312
98.099998 191312
98.199997 191312
98.300003 191344
98.400002 191344
98.500000 191344
98.599998 191344
98.699997 191344
98.800003 191344
98.900002 191344
99.000000 191344
99.099998 191344
99.199997 191344
99.300003 191312
99.400002 191312
99.500000 191312
99.599998 191312
99.699997 191312
99.800003 191312
99.900002 191312
100.000000 191312
100.099998 191312
100.199997 191312
100.300003 191312
100.400002 191312
100.500000 191312
100.599998 191312
100.699997 191312
100.800003 191312
100.900002 191312
101.000000 191312
101.099998 191312
101.199997 191312
101.300003 191280
101.400002 191280
101.500000 191344
101.599998 191344
101.699997 191344
101.800003 191344
101.900002 191344
102.000000 191344
102.099998 191344
102.199997 191340
102.300003 191336
102.400002 191336
102.500000 191336
102.599998 191336
102.699997 191336
102.800003 191336
102.900002 191336
103.000000 191336
103.099998 191336
103.199997 191336
103.300003 191304
103.400002 191304
103.500000 191304
103.599998 191304
103.699997 191304
103.800003 191304
103.900002 191304
104.000000 191304
104.099998 191304
104.199997 191304
104.300003 191304
104.400002 191304
104.500000 191304
104.599998 191304
104.699997 191304
104.800003 191304
104.900002 191304
105.000000 191304
105.099998 191304
105.199997 191304
105.300003 191304
105.400002 191304
105.500000 191304
105.599998 191304
105.699997 191304
105.800003 191304
105.900002 191304
106.000000 191304
106.099998 191304
106.199997 191304
106.300003 191304
106.400002 191304
106.500000 191304
106.599998 191304
106.699997 191304
106.800003 191304
106.900002 191304
107.000000 191304
107.099998 191304
107.199997 191304
107.300003 191272
107.400002 191272
107.500000 191272
107.599998 191272
107.699997 191272
107.800003 191336
107.900002 191336
108.000000 191336
108.099998 191336
108.199997 191336
108.300003 191336
108.400002 191336
108.500000 191336
108.599998 191336
108.699997 191336
108.800003 191336
108.900002 191336
109.000000 191336
109.099998 191336
109.199997 191336
109.300003 191304
109.400002 191304
109.500000 191304
109.599998 191304
109.699997 191304
109.800003 191304
109.900002 191304
110.000000 191304
110.099998 191304
110.199997 191304
110.300003 191304
110.400002 191304
110.500000 191304
110.599998 191304
110.699997 191304
110.800003 191304
110.900002 191304
111.000000 191304
111.099998 191304
111.199997 191304
111.300003 191304
111.400002 191304
111.500000 191304
111.599998 191304
111.699997 191304
111.800003 191304
111.900002 191304
112.000000 191304
112.099998 191304
112.199997 191304
112.300003 191304
112.400002 191304
112.500000 191304
112.599998 191304
112.699997 191304
112.800003 191304
112.900002 191304
113.000000 191304
113.099998 191304
113.199997 191304
113.300003 191272
113.400002 191272
113.500000 191272
113.599998 191272
113.699997 191272
113.800003 191272
113.900002 191336
114.000000 191336
114.099998 191336
114.199997 191336
114.300003 191336
114.400002 191336
114.500000 191336
114.599998 191336
114.699997 191336
114.800003 191336
114.900002 191336
115.000000 191336
115.099998 191336
115.199997 191336
115.300003 191304
115.400002 191304
115.500000 191304
115.599998 191304
115.699997 191304
115.800003 191304
115.900002 191304
116.000000 191304
116.099998 191304
116.199997 191304
116.300003 191304
116.400002 191304
116.500000 191304
116.599998 191304
116.699997 191304
116.800003 191304
116.900002 191304
117.000000 191304
117.099998 191368
117.199997 191368
117.300003 191336
117.400002 191336
117.500000 191336
117.599998 191336
117.699997 191336
117.800003 191336
117.900002 191336
118.000000 191336
118.099998 191336
118.199997 191336
118.300003 191336
118.400002 191336
118.500000 191336
118.599998 191336
118.699997 191336
118.800003 191336
118.900002 191336
119.000000 191336
119.099998 191336
119.199997 191336
119.300003 191304
119.400002 191304
119.500000 191304
119.599998 191304
119.699997 191304
119.800003 191304
119.900002 191304
120.000000 191304
