0.000000 191304
0.100000 191336
0.200000 191336
0.300000 191328
0.400000 191328
0.500000 191328
0.600000 191328
0.700000 191328
0.800000 191328
0.900000 191328
1.000000 191328
1.100000 191328
1.200000 191328
1.300000 191296
1.400000 191296
1.500000 191296
1.600000 191296
1.700000 191296
1.800000 191296
1.900000 191296
2.000000 191296
2.100000 191296
2.200000 191296
2.300000 191296
2.400000 191296
2.500000 191296
2.600000 191296
2.700000 191296
2.800000 191296
2.900000 191296
3.000000 191296
3.100000 191296
3.200000 191296
3.300000 191328
3.400000 191328
3.500000 191328
3.600000 191328
3.700000 191328
3.800000 191328
3.900000 191328
4.000000 191328
4.100000 191328
4.200000 191328
4.300000 191328
4.400000 191328
4.500000 191328
4.600000 191328
4.700000 191328
4.800000 191328
4.900000 191328
5.000000 191328
5.100000 191328
5.200000 191328
5.300000 191288
5.400000 191288
5.500000 191288
5.600000 191288
5.700000 191288
5.800000 191288
5.900000 191288
6.000000 191288
6.100000 191288
6.200000 191288
6.300000 191320
6.400000 191320
6.500000 191320
6.600000 191320
6.700000 191320
6.800000 191320
6.900000 191320
7.000000 191320
7.100000 191320
7.200000 191320
7.300000 191288
7.400000 191288
7.500000 191288
7.600000 191288
7.700000 191288
7.800000 191288
7.900000 191288
8.000000 191288
8.100000 191288
8.200000 191288
8.300000 191288
8.400000 191288
8.500000 191288
8.600000 191288
8.700000 191288
8.800000 191288
8.900000 191288
9.000000 191288
9.100000 191288
9.200000 191288
9.300000 191256
9.400000 191256
9.500000 191320
9.600000 191320
9.700000 191320
9.800000 191320
9.900000 191320
10.000000 191320
10.100000 191320
10.200000 191320
10.300000 191320
10.400000 191320
10.500000 191320
10.600000 191320
10.700000 191320
10.800000 191320
10.900000 191320
11.000000 191320
11.100000 191320
11.200000 191320
11.300000 191288
11.400000 191288
11.500000 191288
11.600000 191288
11.700000 191288
11.800000 191288
11.900000 191288
12.000000 191288
12.100000 191288
12.200000 191288
12.300000 191288
12.400000 191288
12.500000 191288
12.600000 191288
12.700000 191288
12.800000 191288
12.900000 191288
13.000000 191288
13.100000 191288
13.200000 191288
13.300000 191288
13.400000 191288
13.500000 191288
13.600000 191288
13.700000 191288
13.800000 191288
13.900000 191288
14.000000 191288
14.100000 191288
14.200000 191288
14.300000 191288
14.400000 191288
14.500000 191288
14.600000 191288
14.700000 191288
14.800000 191288
14.900000 191288
15.000000 191288
15.100000 191288
15.200000 191288
15.300000 191256
15.400000 191256
15.500000 191256
15.600000 191256
15.700000 191320
15.800000 191320
15.900000 191320
16.000000 191320
16.100000 191320
16.200001 191320
16.299999 191320
16.400000 191320
16.500000 191320
16.600000 191320
16.700001 191320
16.799999 191320
16.900000 191320
17.000000 191320
17.100000 191320
17.200001 191320
17.299999 191288
17.400000 191288
17.500000 191288
17.600000 191288
17.700001 191288
17.799999 191288
17.900000 191288
18.000000 191288
18.100000 191288
18.200001 191288
18.299999 191288
18.400000 191288
18.500000 191288
18.600000 191288
18.700001 191288
18.799999 191352
18.900000 191352
19.000000 191352
19.100000 191352
19.200001 191352
19.299999 191320
19.400000 191320
19.500000 191320
19.600000 191320
19.700001 191320
19.799999 191320
19.900000 191320
20.000000 191320
20.100000 191320
20.200001 191320
20.299999 191320
20.400000 191320
20.500000 191320
20.600000 191320
20.700001 191320
20.799999 191320
20.900000 191320
21.000000 191320
21.100000 191320
21.200001 191320
21.299999 191288
21.400000 191288
21.500000 191288
21.600000 191288
21.700001 191288
21.799999 191288
21.900000 191288
22.000000 191320
22.100000 191320
22.200001 191320
22.299999 191320
22.400000 191320
22.500000 191320
22.600000 191320
22.700001 191320
22.799999 191320
22.900000 191320
23.000000 191320
23.100000 191320
23.200001 191320
23.299999 191288
23.400000 191288
23.500000 191288
23.600000 191288
23.700001 191288
23.799999 191288
23.900000 191288
24.000000 191288
24.100000 191288
24.200001 191288
24.299999 191288
24.400000 191288
24.500000 191288
24.600000 191288
24.700001 191288
24.799999 191288
24.900000 191288
25.000000 191288
25.100000 191288
25.200001 191288
25.299999 191316
25.400000 191316
25.500000 191316
25.600000 191316
25.700001 191316
25.799999 191316
25.900000 191316
26.000000 191316
26.100000 191316
26.200001 191316
26.299999 191316
26.400000 191316
26.500000 191316
26.600000 191316
26.700001 191316
26.799999 191316
26.900000 191316
27.000000 191316
27.100000 191316
27.200001 191316
27.299999 191284
27.400000 191284
27.500000 191284
27.600000 191284
27.700001 191284
27.799999 191284
27.900000 191284
28.000000 191284
28.100000 191284
28.200001 191316
28.299999 191316
28.400000 191316
28.500000 191316
28.600000 191316
28.700001 191316
28.799999 191316
28.900000 191316
29.000000 191316
29.100000 191316
29.200001 191316
29.299999 191284
29.400000 191284
29.500000 191284
29.600000 191284
29.700001 191284
29.799999 191284
29.900000 191284
30.000000 191284
30.100000 191284
30.200001 191284
30.299999 191284
30.400000 191284
30.500000 191284
30.600000 191284
30.700001 191284
30.799999 191284
30.900000 191284
31.000000 191284
31.100000 191284
31.200001 191284
31.299999 191244
31.400000 191308
31.500000 191308
31.600000 191308
31.700001 191308
31.799999 191308
31.900000 191308
32.000000 191308
32.099998 191308
32.200001 191308
32.299999 191308
32.400002 191308
32.500000 191308
32.599998 191308
32.700001 191308
32.799999 191308
32.900002 191308
33.000000 191308
33.099998 191308
33.200001 191308
33.299999 191276
33.400002 191276
33.500000 191276
33.599998 191276
33.700001 191276
33.799999 191276
33.900002 191276
34.000000 191276
34.099998 191276
34.200001 191276
34.299999 191276
34.400002 191276
34.500000 191276
34.599998 191276
34.700001 191276
34.799999 191276
34.900002 191276
35.000000 191276
35.099998 191276
35.200001 191276
35.299999 191276
35.400002 191276
35.500000 191276
35.599998 191276
35.700001 191276
35.799999 191276
35.900002 191276
36.000000 191276
36.099998 191276
36.200001 191276
36.299999 191276
36.400002 191276
36.500000 191276
36.599998 191276
36.700001 191276
36.799999 191276
36.900002 191276
37.000000 191276
37.099998 191276
37.200001 191276
37.299999 191276
37.400002 191276
37.500000 191300
37.599998 191300
37.700001 191300
37.799999 191300
37.900002 191300
38.000000 191300
38.099998 191300
38.200001 191300
38.299999 191300
38.400002 191300
38.500000 191300
38.599998 191300
38.700001 191300
38.799999 191300
38.900002 191300
39.000000 191300
39.099998 191300
39.200001 191300
39.299999 191300
39.400002 191300
39.500000 191300
39.599998 191300
39.700001 191300
39.799999 191300
39.900002 191300
40.000000 191300
40.099998 191300
40.200001 191300
40.299999 191300
40.400002 191300
40.500000 191300
40.599998 191300
40.700001 191300
40.799999 191300
40.900002 191300
41.000000 191300
41.099998 191300
41.200001 191268
41.299999 191268
41.400002 191268
41.500000 191268
41.599998 191268
41.700001 191268
41.799999 191300
41.900002 191300
42.000000 191300
42.099998 191300
42.200001 191300
42.299999 191300
42.400002 191300
42.500000 191300
42.599998 191300
42.700001 191300
42.799999 191300
42.900002 191300
43.000000 191300
43.099998 191300
43.200001 191268
43.299999 191268
43.400002 191268
43.500000 191268
43.599998 191268
43.700001 191268
43.799999 191268
43.900002 191268
44.000000 191268
44.099998 191268
44.200001 191268
44.299999 191268
44.400002 191268
44.500000 191268
44.599998 191268
44.700001 191268
44.799999 191268
44.900002 191268
45.000000 191268
45.099998 191268
45.200001 191300
45.299999 191300
45.400002 191300
45.500000 191300
45.599998 191300
45.700001 191300
45.799999 191300
45.900002 191300
46.000000 191300
46.099998 191300
46.200001 191300
46.299999 191300
46.400002 191300
46.500000 191300
46.599998 191300
46.700001 191300
46.799999 191300
46.900002 191300
47.000000 191300
47.099998 191300
47.200001 191268
47.299999 191268
47.400002 191268
47.500000 191268
47.599998 191268
47.700001 191268
47.799999 191268
47.900002 191268
48.000000 191300
48.099998 191300
48.200001 191300
48.299999 191300
48.400002 191300
48.500000 191300
48.599998 191300
48.700001 191300
48.799999 191300
48.900002 191300
49.000000 191300
49.099998 191300
49.200001 191264
49.299999 191264
49.400002 191264
49.500000 191264
49.599998 191264
49.700001 191264
49.799999 191264
49.900002 191264
50.000000 191264
50.099998 191264
50.200001 191264
50.299999 191264
50.400002 191264
50.500000 191264
50.599998 191264
50.700001 191264
50.799999 191264
50.900002 191264
51.000000 191264
51.099998 191264
51.200001 191296
51.299999 191296
51.400002 191296
51.500000 191296
51.599998 191296
51.700001 191296
51.799999 191296
51.900002 191296
52.000000 191296
52.099998 191296
52.200001 191296
52.299999 191296
52.400002 191296
52.500000 191296
52.599998 191296
52.700001 191296
52.799999 191296
52.900002 191296
53.000000 191296
53.099998 191296
53.200001 191264
53.299999 191264
53.400002 191264
53.500000 191264
53.599998 191264
53.700001 191264
53.799999 191264
53.900002 191264
54.000000 191264
54.099998 191264
54.200001 191264
54.299999 191296
54.400002 191296
54.500000 191296
54.599998 191296
54.700001 191296
54.799999 191296
54.900002 191296
55.000000 191296
55.099998 191296
55.200001 191256
55.299999 191256
55.400002 191256
55.500000 191256
55.599998 191256
55.700001 191256
55.799999 191256
55.900002 191256
56.000000 191256
56.099998 191256
56.200001 191256
56.299999 191256
56.400002 191256
56.500000 191256
56.599998 191256
56.700001 191256
56.799999 191256
56.900002 191256
57.000000 191256
57.099998 191256
57.200001 191224
57.299999 191224
57.400002 191224
57.500000 191288
57.599998 191288
57.700001 191288
57.799999 191288
57.900002 191288
58.000000 191288
58.099998 191288
58.200001 191288
58.299999 191288
58.400002 191288
58.500000 191288
58.599998 191288
58.700001 191288
58.799999 191288
58.900002 191288
59.000000 191288
59.099998 191288
59.200001 191256
59.299999 191256
59.400002 191256
59.500000 191256
59.599998 191256
59.700001 191256
59.799999 191256
59.900002 191256
60.000000 191256
60.099998 191256
60.200001 191256
60.299999 191256
60.400002 191256
60.500000 191256
60.599998 191320
60.700001 191320
60.799999 191320
60.900002 191320
61.000000 191320
61.099998 191320
61.200001 191288
61.299999 191288
61.400002 191288
61.500000 191288
61.599998 191288
61.700001 191288
61.799999 191288
61.900002 191288
62.000000 191288
62.099998 191288
62.200001 191288
62.299999 191288
62.400002 191288
62.500000 191288
62.599998 191288
62.700001 191288
62.799999 191288
62.900002 191288
63.000000 191288
63.099998 191288
63.200001 191256
63.299999 191256
63.400002 191256
63.500000 191256
63.599998 191256
63.700001 191256
63.799999 191288
63.900002 191288
64.000000 191288
64.099998 191288
64.199997 191288
64.300003 191288
64.400002 191288
64.500000 191288
64.599998 191288
64.699997 191288
64.800003 191288
64.900002 191288
65.000000 191288
65.099998 191288
65.199997 191256
65.300003 191256
65.400002 191256
65.500000 191256
65.599998 191256
65.699997 191256
65.800003 191256
65.900002 191256
66.000000 191256
66.099998 191256
66.199997 191256
66.300003 191256
66.400002 191256
66.500000 191256
66.599998 191256
66.699997 191256
66.800003 191256
66.900002 191256
67.000000 191256
67.099998 191256
67.199997 191288
67.300003 191288
67.400002 191288
67.500000 191288
67.599998 191288
67.699997 191288
67.800003 191288
67.900002 191288
68.000000 191288
68.099998 191288
68.199997 191288
68.300003 191288
68.400002 191288
68.500000 191288
68.599998 191288
68.699997 191288
68.800003 191288
68.900002 191288
69.000000 191288
69.099998 191288
69.199997 191256
69.300003 191256
69.400002 191256
69.500000 191256
69.599998 191256
69.699997 191256
69.800003 191256
69.900002 191256
70.000000 191288
70.099998 191288
70.199997 191288
70.300003 191288
70.400002 191288
70.500000 191288
70.599998 191288
70.699997 191288
70.800003 191288
70.900002 191288
71.000000 191288
71.099998 191288
71.199997 191256
71.300003 191256
71.400002 191256
71.500000 191256
71.599998 191256
71.699997 191256
71.800003 191256
71.900002 191256
72.000000 191256
72.099998 191256
72.199997 191256
72.300003 191256
72.400002 191256
72.500000 191256
72.599998 191256
72.699997 191256
72.800003 191256
72.900002 191256
73.000000 191256
73.099998 191256
73.199997 191284
73.300003 191284
73.400002 191284
73.500000 191284
73.599998 191284
73.699997 191284
73.800003 191284
73.900002 191284
74.000000 191284
74.099998 191284
74.199997 191284
74.300003 191284
74.400002 191284
74.500000 191284
74.599998 191284
74.699997 191284
74.800003 191284
74.900002 191284
75.000000 191284
75.099998 191284
75.199997 191252
75.300003 191252
75.400002 191252
75.500000 191252
75.599998 191252
75.699997 191252
75.800003 191252
75.900002 191252
76.000000 191252
76.099998 191252
76.199997 191284
76.300003 191284
76.400002 191284
76.500000 191284
76.599998 191284
76.699997 191284
76.800003 191284
76.900002 191284
77.000000 191284
77.099998 191284
77.199997 191252
77.300003 191252
77.400002 191252
77.500000 191252
77.599998 191252
77.699997 191252
77.800003 191252
77.900002 191252
78.000000 191252
78.099998 191252
78.199997 191244
78.300003 191244
78.400002 191244
78.500000 191244
78.599998 191212
78.699997 191212
78.800003 191212
78.900002 191212
79.000000 191212
79.099998 191212
79.199997 191212
79.300003 191212
79.400002 191276
79.500000 191276
79.599998 191276
79.699997 191276
79.800003 191276
79.900002 191276
80.000000 191276
80.099998 191276
80.199997 191276
80.300003 191276
80.400002 191276
80.500000 191276
80.599998 191244
80.699997 191244
80.800003 191244
80.900002 191244
81.000000 191244
81.099998 191244
81.199997 191244
81.300003 191244
81.400002 191244
81.500000 191244
81.599998 191244
81.699997 191244
81.800003 191244
81.900002 191244
82.000000 191244
82.099998 191244
82.199997 191244
82.300003 191244
82.400002 191244
82.500000 191308
82.599998 191276
82.699997 191276
82.800003 191276
82.900002 191276
83.000000 191276
83.099998 191276
83.199997 191276
83.300003 191276
83.400002 191276
83.500000 191276
83.599998 191276
83.699997 191276
83.800003 191276
83.900002 191276
84.000000 191276
84.099998 191276
84.199997 191276
84.300003 191276
84.400002 191276
84.500000 191276
84.599998 191244
84.699997 191244
84.800003 191244
84.900002 191244
85.000000 191244
85.099998 191244
85.199997 191244
85.300003 191244
85.400002 191244
85.500000 191244
85.599998 191244
85.699997 191244
85.800003 191244
85.900002 191244
86.000000 191244
86.099998 191244
86.199997 191276
86.300003 191276
86.400002 191276
86.500000 191276
86.599998 191244
86.699997 191244
86.800003 191244
86.900002 191244
87.000000 191244
87.099998 191244
87.199997 191244
87.300003 191244
87.400002 191244
87.500000 191244
87.599998 191244
87.699997 191244
87.800003 191244
87.900002 191244
88.000000 191244
88.099998 191244
88.199997 191244
88.300003 191244
88.400002 191244
88.500000 191244
88.599998 191212
88.699997 191212
88.800003 191276
88.900002 191276
89.000000 191276
89.099998 191276
89.199997 191268
89.300003 191268
89.400002 191268
89.500000 191268
89.599998 191268
89.699997 191268
89.800003 191268
89.900002 191268
90.000000 191268
90.099998 191268
90.199997 191268
90.300003 191268
90.400002 191268
90.500000 191268
90.599998 191268
90.699997 191268
90.800003 191268
90.900002 191268
91.000000 191268
91.099998 191268
91.199997 191236
91.300003 191236
91.400002 191236
91.500000 191236
91.599998 191236
91.699997 191236
91.800003 191236
91.900002 191268
92.000000 191268
92.099998 191268
92.199997 191268
92.300003 191268
92.400002 191268
92.500000 191268
92.599998 191268
92.699997 191268
92.800003 191268
92.900002 191268
93.000000 191268
93.099998 191268
93.199997 191236
93.300003 191236
93.400002 191236
93.500000 191236
93.599998 191236
93.699997 191236
93.800003 191236
93.900002 191236
94.000000 191236
94.099998 191236
94.199997 191236
94.300003 191236
94.400002 191236
94.500000 191236
94.599998 191236
94.699997 191236
94.800003 191236
94.900002 191236
95.000000 191236
95.099998 191236
95.199997 191268
95.300003 191268
95.400002 191268
95.500000 191268
95.599998 191268
95.699997 191268
95.800003 191268
95.900002 191268
96.000000 191268
96.099998 191268
96.199997 191268
96.300003 191268
96.400002 191268
96.500000 191268
96.599998 191268
96.699997 191268
96.800003 191268
96.900002 191268
97.000000 191268
97.099998 191268
97.199997 191232
97.300003 191232
97.400002 191232
97.500000 191232
97.599998 191232
97.699997 191232
97.800003 191232
97.900002 191232
98.000000 191232
98.099998 191232
98.199997 191232
98.300003 191232
98.400002 191232
98.500000 191232
98.599998 191232
98.699997 191232
98.800003 191232
98.900002 191232
99.000000 191232
99.099998 191232
99.199997 191264
99.300003 191264
99.400002 191264
99.500000 191264
99.599998 191264
99.699997 191264
99.800003 191264
99.900002 191264
100.000000 191264
100.099998 191264
100.199997 191232
100.300003 191232
100.400002 191232
100.500000 191232
100.599998 191232
100.699997 191296
100.800003 191296
100.900002 191296
101.000000 191296
101.099998 191296
101.199997 191264
101.300003 191264
101.400002 191264
101.500000 191264
101.599998 191264
101.699997 191264
101.800003 191264
101.900002 191264
102.000000 191264
102.099998 191232
102.199997 191232
102.300003 191224
102.400002 191224
102.500000 191224
102.599998 191224
102.699997 191224
102.800003 191224
102.900002 191224
103.000000 191224
103.099998 191224
103.199997 191224
103.300003 191256
103.400002 191256
103.500000 191256
103.599998 191256
103.699997 191256
103.800003 191256
103.900002 191256
104.000000 191256
104.099998 191256
104.199997 191224
104.300003 191224
104.400002 191224
104.500000 191224
104.599998 191224
104.699997 191224
104.800003 191224
104.900002 191224
105.000000 191224
105.099998 191224
105.199997 191224
105.300003 191224
105.400002 191224
105.500000 191224
105.599998 191224
105.699997 191224
105.800003 191224
105.900002 191224
106.000000 191224
106.099998 191224
106.199997 191192
106.300003 191256
106.400002 191256
106.500000 191256
106.599998 191256
106.699997 191256
106.800003 191256
106.900002 191256
107.000000 191256
107.099998 191256
107.199997 191256
107.300003 191256
107.400002 191256
107.500000 191256
107.599998 191256
107.699997 191256
107.800003 191256
107.900002 191256
108.000000 191256
108.099998 191256
108.199997 191224
108.300003 191224
108.400002 191224
108.500000 191224
108.599998 191224
108.699997 191224
108.800003 191224
108.900002 191224
109.000000 191224
109.099998 191224
109.199997 191224
109.300003 191224
109.400002 191224
109.500000 191224
109.599998 191224
109.699997 191224
109.800003 191224
109.900002 191224
110.000000 191224
110.099998 191224
110.199997 191224
110.300003 191224
110.400002 191224
110.500000 191224
110.599998 191224
110.699997 191224
110.800003 191224
110.900002 191224
111.000000 191224
111.099998 191224
111.199997 191224
111.300003 191224
111.400002 191224
111.500000 191224
111.599998 191224
111.699997 191224
111.800003 191224
111.900002 191224
112.000000 191224
112.099998 191224
112.199997 191192
112.300003 191192
112.400002 191192
112.500000 191192
112.599998 191256
112.699997 191256
112.800003 191256
112.900002 191256
113.000000 191256
113.099998 191256
113.199997 191256
113.300003 191256
113.400002 191256
113.500000 191256
113.599998 191256
113.699997 191256
113.800003 191256
113.900002 191256
114.000000 191256
114.099998 191256
114.199997 191224
114.300003 191224
114.400002 191224
114.500000 191224
114.599998 191224
114.699997 191224
114.800003 191224
114.900002 191224
115.000000 191224
115.099998 191224
115.199997 191224
115.300003 191224
115.400002 191224
115.500000 191224
115.599998 191224
115.699997 191224
115.800003 191224
115.900002 191224
116.000000 191224
116.099998 191224
116.199997 191224
116.300003 191224
116.400002 191224
116.500000 191224
116.599998 191224
116.699997 191224
116.800003 191224
116.900002 191224
117.000000 191224
117.099998 191224
117.199997 191224
117.300003 191224
117.400002 191224
117.500000 191224
117.599998 191224
117.699997 191224
117.800003 191224
117.900002 191224
118.000000 191224
118.099998 191224
118.199997 191192
118.300003 191192
118.400002 191192
118.500000 191192
118.599998 191192
118.699997 191256
118.800003 191256
118.900002 191256
119.000000 191256
119.099998 191256
119.199997 191256
119.300003 191256
119.400002 191256
119.500000 191256
119.599998 191256
119.699997 191256
119.800003 191256
119.900002 191256
120.000000 191256
