0.000000 191256
0.100000 191256
0.200000 191216
0.300000 191216
0.400000 191216
0.500000 191216
0.600000 191216
0.700000 191216
0.800000 191216
0.900000 191216
1.000000 191216
1.100000 191216
1.200000 191216
1.300000 191216
1.400000 191216
1.500000 191216
1.600000 191280
1.700000 191280
1.800000 191280
1.900000 191280
2.000000 191280
2.100000 191280
2.200000 191248
2.300000 191248
2.400000 191248
2.500000 191248
2.600000 191248
2.700000 191248
2.800000 191248
2.900000 191248
3.000000 191248
3.100000 191248
3.200000 191248
3.300000 191248
3.400000 191248
3.500000 191248
3.600000 191248
3.700000 191248
3.800000 191248
3.900000 191248
4.000000 191248
4.100000 191248
4.200000 191216
4.300000 191216
4.400000 191216
4.500000 191216
4.600000 191216
4.700000 191248
4.800000 191248
4.900000 191248
5.000000 191248
5.100000 191248
5.200000 191248
5.300000 191248
5.400000 191248
5.500000 191248
5.600000 191248
5.700000 191248
5.800000 191248
5.900000 191248
6.000000 191248
6.100000 191248
6.200000 191208
6.300000 191208
6.400000 191208
6.500000 191208
6.600000 191208
6.700000 191208
6.800000 191208
6.900000 191208
7.000000 191208
7.100000 191208
7.200000 191208
7.300000 191208
7.400000 191208
7.500000 191208
7.600000 191208
7.700000 191208
7.800000 191208
7.900000 191208
8.000000 191208
8.100000 191208
8.200000 191240
8.300000 191240
8.400000 191240
8.500000 191240
8.600000 191240
8.700000 191240
8.800000 191240
8.900000 191240
9.000000 191240
9.100000 191240
9.200000 191240
9.300000 191240
9.400000 191240
9.500000 191240
9.600000 191240
9.700000 191240
9.800000 191240
9.900000 191240
10.000000 191240
10.100000 191240
10.200000 191208
10.300000 191208
10.400000 191208
10.500000 191208
10.600000 191208
10.700000 191208
10.800000 191208
10.900000 191208
11.000000 191240
11.100000 191240
11.200000 191240
11.300000 191240
11.400000 191240
11.500000 191240
11.600000 191240
11.700000 191240
11.800000 191240
11.900000 191240
12.000000 191240
12.100000 191240
12.200000 191208
12.300000 191208
12.400000 191208
12.500000 191208
12.600000 191208
12.700000 191208
12.800000 191208
12.900000 191208
13.000000 191208
13.100000 191208
13.200000 191208
13.300000 191208
13.400000 191208
13.500000 191208
13.600000 191208
13.700000 191176
13.800000 191176
13.900000 191176
14.000000 191176
14.100000 191240
14.200000 191240
14.300000 191240
14.400000 191240
14.500000 191240
14.600000 191240
14.700000 191240
14.800000 191240
14.900000 191240
15.000000 191240
15.100000 191240
15.200000 191240
15.300000 191240
15.400000 191240
15.500000 191240
15.600000 191240
15.700000 191240
15.800000 191240
15.900000 191240
16.000000 191240
16.100000 191240
16.200001 191208
16.299999 191208
16.400000 191208
16.500000 191208
16.600000 191208
16.700001 191208
16.799999 191208
16.900000 191208
17.000000 191208
17.100000 191208
17.200001 191208
17.299999 191208
17.400000 191208
17.500000 191208
17.600000 191208
17.700001 191208
17.799999 191208
17.900000 191208
18.000000 191208
18.100000 191208
18.200001 191208
18.299999 191208
18.400000 191208
18.500000 191208
18.600000 191208
18.700001 191208
18.799999 191208
18.900000 191208
19.000000 191208
19.100000 191208
19.200001 191208
19.299999 191208
19.400000 191208
19.500000 191208
19.600000 191208
19.700001 191208
19.799999 191208
19.900000 191208
20.000000 191208
20.100000 191208
20.200001 191176
20.299999 191240
20.400000 191240
20.500000 191240
20.600000 191240
20.700001 191240
20.799999 191240
20.900000 191240
21.000000 191240
21.100000 191240
21.200001 191240
21.299999 191240
21.400000 191240
21.500000 191240
21.600000 191240
21.700001 191240
21.799999 191240
21.900000 191240
22.000000 191240
22.100000 191240
22.200001 191208
22.299999 191208
22.400000 191208
22.500000 191208
22.600000 191208
22.700001 191208
22.799999 191208
22.900000 191208
23.000000 191208
23.100000 191208
23.200001 191208
23.299999 191208
23.400000 191208
23.500000 191272
23.600000 191272
23.700001 191272
23.799999 191272
23.900000 191272
24.000000 191272
24.100000 191272
24.200001 191240
24.299999 191240
24.400000 191240
24.500000 191240
24.600000 191240
24.700001 191240
24.799999 191240
24.900000 191240
25.000000 191240
25.100000 191240
25.200001 191236
25.299999 191236
25.400000 191236
25.500000 191236
25.600000 191236
25.700001 191236
25.799999 191236
25.900000 191236
26.000000 191236
26.100000 191236
26.200001 191204
26.299999 191204
26.400000 191204
26.500000 191204
26.600000 191236
26.700001 191236
26.799999 191236
26.900000 191236
27.000000 191236
27.100000 191236
27.200001 191236
27.299999 191236
27.400000 191236
27.500000 191236
27.600000 191236
27.700001 191236
27.799999 191236
27.900000 191236
28.000000 191236
28.100000 191236
28.200001 191204
28.299999 191204
28.400000 191204
28.500000 191204
28.600000 191204
28.700001 191204
28.799999 191204
28.900000 191204
29.000000 191204
29.100000 191204
29.200001 191204
29.299999 191204
29.400000 191204
29.500000 191204
29.600000 191204
29.700001 191204
29.799999 191204
29.900000 191204
30.000000 191204
30.100000 191204
30.200001 191228
30.299999 191228
30.400000 191228
30.500000 191228
30.600000 191228
30.700001 191228
30.799999 191228
30.900000 191228
31.000000 191228
31.100000 191228
31.200001 191228
31.299999 191228
31.400000 191228
31.500000 191228
31.600000 191228
31.700001 191228
31.799999 191228
31.900000 191228
32.000000 191228
32.099998 191228
32.200001 191196
32.299999 191196
32.400002 191196
32.500000 191196
32.599998 191196
32.700001 191196
32.799999 191196
32.900002 191228
33.000000 191228
33.099998 191228
33.200001 191228
33.299999 191228
33.400002 191228
33.500000 191228
33.599998 191228
33.700001 191228
33.799999 191228
33.900002 191228
34.000000 191228
34.099998 191228
34.200001 191196
34.299999 191196
34.400002 191196
34.500000 191196
34.599998 191196
34.700001 191196
34.799999 191196
34.900002 191196
35.000000 191196
35.099998 191196
35.200001 191196
35.299999 191196
35.400002 191196
35.500000 191196
35.599998 191196
35.700001 191196
35.799999 191196
35.900002 191196
36.000000 191196
36.099998 191196
36.200001 191228
36.299999 191228
36.400002 191228
36.500000 191228
36.599998 191228
36.700001 191228
36.799999 191228
36.900002 191228
37.000000 191228
37.099998 191228
37.200001 191228
37.299999 191228
37.400002 191228
37.500000 191228
37.599998 191228
37.700001 191228
37.799999 191228
37.900002 191228
38.000000 191228
38.099998 191228
38.200001 191196
38.299999 191196
38.400002 191196
38.500000 191196
38.599998 191196
38.700001 191196
38.799999 191196
38.900002 191196
39.000000 191196
39.099998 191196
39.200001 191228
39.299999 191228
39.400002 191228
39.500000 191228
39.599998 191228
39.700001 191228
39.799999 191228
39.900002 191228
40.000000 191228
40.099998 191228
40.200001 191196
40.299999 191196
40.400002 191196
40.500000 191196
40.599998 191196
40.700001 191196
40.799999 191196
40.900002 191196
41.000000 191196
41.099998 191196
41.200001 191196
41.299999 191196
41.400002 191196
41.500000 191196
41.599998 191196
41.700001 191196
41.799999 191196
41.900002 191196
42.000000 191196
42.099998 191196
42.200001 191164
42.299999 191228
42.400002 191228
42.500000 191228
42.599998 191228
42.700001 191228
42.799999 191228
42.900002 191228
43.000000 191228
43.099998 191228
43.200001 191228
43.299999 191228
43.400002 191228
43.500000 191228
43.599998 191228
43.700001 191228
43.799999 191228
43.900002 191228
44.000000 191228
44.099998 191228
44.200001 191196
44.299999 191196
44.400002 191196
44.500000 191196
44.599998 191196
44.700001 191196
44.799999 191196
44.900002 191196
45.000000 191196
45.099998 191196
45.200001 191196
45.299999 191196
45.400002 191260
45.500000 191260
45.599998 191260
45.700001 191260
45.799999 191260
45.900002 191260
46.000000 191260
46.099998 191260
46.200001 191228
46.299999 191228
46.400002 191228
46.500000 191228
46.599998 191228
46.700001 191228
46.799999 191228
46.900002 191228
47.000000 191228
47.099998 191228
47.200001 191228
47.299999 191228
47.400002 191228
47.500000 191228
47.599998 191228
47.700001 191228
47.799999 191228
47.900002 191228
48.000000 191228
48.099998 191228
48.200001 191196
48.299999 191196
48.400002 191196
48.500000 191228
48.599998 191228
48.700001 191228
48.799999 191228
48.900002 191228
49.000000 191228
49.099998 191228
49.200001 191224
49.299999 191224
49.400002 191224
49.500000 191224
49.599998 191224
49.700001 191224
49.799999 191224
49.900002 191224
50.000000 191224
50.099998 191224
50.200001 191192
50.299999 191192
50.400002 191192
50.500000 191192
50.599998 191192
50.700001 191192
50.799999 191192
50.900002 191192
51.000000 191192
51.099998 191192
51.200001 191192
51.299999 191192
51.400002 191192
51.500000 191192
51.599998 191192
51.700001 191192
51.799999 191192
51.900002 191192
52.000000 191192
52.099998 191192
52.200001 191224
52.299999 191224
52.400002 191224
52.500000 191224
52.599998 191224
52.700001 191224
52.799999 191224
52.900002 191224
53.000000 191224
53.099998 191224
53.200001 191224
53.299999 191224
53.400002 191224
53.500000 191224
53.599998 191224
53.700001 191224
53.799999 191224
53.900002 191224
54.000000 191224
54.099998 191224
54.200001 191184
54.299999 191184
54.400002 191184
54.500000 191184
54.599998 191184
54.700001 191184
54.799999 191216
54.900002 191216
55.000000 191216
55.099998 191216
55.200001 191216
55.299999 191216
55.400002 191216
55.500000 191216
55.599998 191216
55.700001 191216
55.799999 191216
55.900002 191216
56.000000 191216
56.099998 191216
56.200001 191184
56.299999 191184
56.400002 191184
56.500000 191184
56.599998 191184
56.700001 191184
56.799999 191184
56.900002 191184
57.000000 191184
57.099998 191184
57.200001 191184
57.299999 191184
57.400002 191184
57.500000 191184
57.599998 191184
57.700001 191184
57.799999 191184
57.900002 191184
58.000000 191184
58.099998 191184
58.200001 191216
58.299999 191216
58.400002 191216
58.500000 191216
58.599998 191216
58.700001 191216
58.799999 191216
58.900002 191216
59.000000 191216
59.099998 191216
59.200001 191216
59.299999 191216
59.400002 191216
59.500000 191216
59.599998 191216
59.700001 191216
59.799999 191216
59.900002 191216
60.000000 191216
60.099998 191216
60.200001 191184
60.299999 191184
60.400002 191184
60.500000 191184
60.599998 191184
60.700001 191184
60.799999 191184
60.900002 191184
61.000000 191184
61.099998 191216
61.200001 191216
61.299999 191216
61.400002 191216
61.500000 191216
61.599998 191216
61.700001 191216
61.799999 191216
61.900002 191216
62.000000 191216
62.099998 191216
62.200001 191184
62.299999 191184
62.400002 191184
62.500000 191184
62.599998 191184
62.700001 191184
62.799999 191184
62.900002 191184
63.000000 191184
63.099998 191184
63.200001 191184
63.299999 191184
63.400002 191184
63.500000 191184
63.599998 191184
63.700001 191184
63.799999 191184
63.900002 191184
64.000000 191184
64.099998 191184
64.199997 191216
64.300003 191216
64.400002 191216
64.500000 191216
64.599998 191216
64.699997 191216
64.800003 191216
64.900002 191216
65.000000 191216
65.099998 191216
65.199997 191216
65.300003 191216
65.400002 191216
65.500000 191216
65.599998 191216
65.699997 191216
65.800003 191216
65.900002 191216
66.000000 191216
66.099998 191216
66.199997 191184
66.300003 191184
66.400002 191184
66.500000 191184
66.599998 191184
66.699997 191184
66.800003 191184
66.900002 191184
67.000000 191184
67.099998 191184
67.199997 191184
67.300003 191184
67.400002 191248
67.500000 191216
67.599998 191216
67.699997 191216
67.800003 191216
67.900002 191216
68.000000 191216
68.099998 191216
68.199997 191216
68.300003 191216
68.400002 191216
68.500000 191216
68.599998 191216
68.699997 191216
68.800003 191216
68.900002 191216
69.000000 191216
69.099998 191216
69.199997 191216
69.300003 191216
69.400002 191216
69.500000 191184
69.599998 191184
69.699997 191184
69.800003 191184
69.900002 191184
70.000000 191184
70.099998 191184
70.199997 191184
70.300003 191184
70.400002 191184
70.500000 191184
70.599998 191184
70.699997 191184
70.800003 191184
70.900002 191184
71.000000 191184
71.099998 191184
71.199997 191216
71.300003 191216
71.400002 191216
71.500000 191184
71.599998 191184
71.699997 191184
71.800003 191184
71.900002 191184
72.000000 191184
72.099998 191184
72.199997 191184
72.300003 191184
72.400002 191184
72.500000 191184
72.599998 191184
72.699997 191184
72.800003 191184
72.900002 191184
73.000000 191184
73.099998 191184
73.199997 191180
73.300003 191180
73.400002 191180
73.500000 191148
73.599998 191148
73.699997 191212
73.800003 191212
73.900002 191212
74.000000 191212
74.099998 191212
74.199997 191212
74.300003 191212
74.400002 191212
74.500000 191212
74.599998 191212
74.699997 191212
74.800003 191212
74.900002 191212
75.000000 191212
75.099998 191212
75.199997 191212
75.300003 191212
75.400002 191212
75.500000 191180
75.599998 191180
75.699997 191180
75.800003 191180
75.900002 191180
76.000000 191180
76.099998 191180
76.199997 191180
76.300003 191212
76.400002 191212
76.500000 191212
76.599998 191212
76.699997 191212
76.800003 191212
76.900002 191212
77.000000 191212
77.099998 191212
77.199997 191180
77.300003 191180
77.400002 191180
77.500000 191180
77.599998 191180
77.699997 191180
77.800003 191180
77.900002 191180
78.000000 191180
78.099998 191180
78.199997 191212
78.300003 191212
78.400002 191212
78.500000 191212
78.599998 191212
78.699997 191212
78.800003 191212
78.900002 191212
79.000000 191212
79.099998 191212
79.199997 191172
79.300003 191172
79.400002 191172
79.500000 191172
79.599998 191172
79.699997 191172
79.800003 191172
79.900002 191172
80.000000 191172
80.099998 191172
80.199997 191172
80.300003 191172
80.400002 191172
80.500000 191172
80.599998 191172
80.699997 191172
80.800003 191172
80.900002 191172
81.000000 191172
81.099998 191172
81.199997 191204
81.300003 191204
81.400002 191204
81.500000 191204
81.599998 191204
81.699997 191204
81.800003 191204
81.900002 191204
82.000000 191204
82.099998 191204
82.199997 191172
82.300003 191172
82.400002 191172
82.500000 191172
82.599998 191172
82.699997 191172
82.800003 191236
82.900002 191236
83.000000 191236
83.099998 191236
83.199997 191204
83.300003 191204
83.400002 191204
83.500000 191204
83.599998 191204
83.699997 191204
83.800003 191204
83.900002 191204
84.000000 191204
84.099998 191204
84.199997 191172
84.300003 191172
84.400002 191172
84.500000 191172
84.599998 191172
84.699997 191172
84.800003 191172
84.900002 191172
85.000000 191172
85.099998 191172
85.199997 191172
85.300003 191172
85.400002 191172
85.500000 191172
85.599998 191172
85.699997 191172
85.800003 191172
85.900002 191172
86.000000 191172
86.099998 191172
86.199997 191204
86.300003 191204
86.400002 191204
86.500000 191204
86.599998 191204
86.699997 191204
86.800003 191204
86.900002 191204
87.000000 191204
87.099998 191204
87.199997 191172
87.300003 191172
87.400002 191172
87.500000 191172
87.599998 191172
87.699997 191172
87.800003 191172
87.900002 191172
88.000000 191172
88.099998 191172
88.199997 191172
88.300003 191172
88.400002 191172
88.500000 191172
88.599998 191172
88.699997 191172
88.800003 191172
88.900002 191172
89.000000 191172
89.099998 191172
89.199997 191204
89.300003 191204
89.400002 191204
89.500000 191204
89.599998 191204
89.699997 191204
89.800003 191204
89.900002 191204
90.000000 191172
90.099998 191172
90.199997 191172
90.300003 191172
90.400002 191172
90.500000 191172
90.599998 191172
90.699997 191172
90.800003 191172
90.900002 191172
91.000000 191172
91.099998 191172
91.199997 191172
91.300003 191172
91.400002 191172
91.500000 191172
91.599998 191172
91.699997 191172
91.800003 191204
91.900002 191204
92.000000 191204
92.099998 191172
92.199997 191172
92.300003 191172
92.400002 191172
92.500000 191172
92.599998 191172
92.699997 191172
92.800003 191172
92.900002 191172
93.000000 191172
93.099998 191172
93.199997 191172
93.300003 191172
93.400002 191172
93.500000 191172
93.599998 191172
93.699997 191172
93.800003 191172
93.900002 191172
94.000000 191172
94.099998 191140
94.199997 191140
94.300003 191140
94.400002 191140
94.500000 191140
94.599998 191140
94.699997 191140
94.800003 191204
94.900002 191204
95.000000 191204
95.099998 191204
95.199997 191204
95.300003 191204
95.400002 191204
95.500000 191204
95.599998 191204
95.699997 191204
95.800003 191204
95.900002 191204
96.000000 191204
96.099998 191172
96.199997 191172
96.300003 191172
96.400002 191172
96.500000 191172
96.599998 191172
96.699997 191172
96.800003 191172
96.900002 191172
97.000000 191172
97.099998 191172
97.199997 191168
97.300003 191168
97.400002 191168
97.500000 191168
97.599998 191168
97.699997 191168
97.800003 191168
97.900002 191232
98.000000 191200
98.099998 191200
98.199997 191200
98.300003 191200
98.400002 191200
98.500000 191200
98.599998 191200
98.699997 191200
98.800003 191200
98.900002 191200
99.000000 191200
99.099998 191200
99.199997 191200
99.300003 191200
99.400002 191200
99.500000 191200
99.599998 191200
99.699997 191200
99.800003 191200
99.900002 191200
100.000000 191168
100.099998 191168
100.199997 191168
100.300003 191168
100.400002 191168
100.500000 191168
100.599998 191168
100.699997 191168
100.800003 191168
100.900002 191168
101.000000 191168
101.099998 191168
101.199997 191200
101.300003 191200
101.400002 191200
101.500000 191200
101.599998 191200
101.699997 191200
101.800003 191200
101.900002 191200
102.000000 191168
102.099998 191168
102.199997 191168
102.300003 191168
102.400002 191168
102.500000 191168
102.599998 191168
102.699997 191168
102.800003 191168
102.900002 191168
103.000000 191168
103.099998 191168
103.199997 191160
103.300003 191160
103.400002 191160
103.500000 191160
103.599998 191160
103.699997 191160
103.800003 191160
103.900002 191160
104.000000 191128
104.099998 191128
104.199997 191192
104.300003 191192
104.400002 191192
104.500000 191192
104.599998 191192
104.699997 191192
104.800003 191192
104.900002 191192
105.000000 191192
105.099998 191192
105.199997 191192
105.300003 191192
105.400002 191192
105.500000 191192
105.599998 191192
105.699997 191192
105.800003 191192
105.900002 191192
106.000000 191160
106.099998 191160
106.199997 191160
106.300003 191160
106.400002 191160
106.500000 191160
106.599998 191160
106.699997 191160
106.800003 191160
106.900002 191160
107.000000 191160
107.099998 191160
107.199997 191160
107.300003 191160
107.400002 191192
107.500000 191192
107.599998 191192
107.699997 191192
107.800003 191192
107.900002 191192
108.000000 191160
108.099998 191160
108.199997 191160
108.300003 191160
108.400002 191160
108.500000 191160
108.599998 191160
108.699997 191160
108.800003 191160
108.900002 191160
109.000000 191160
109.099998 191160
109.199997 191160
109.300003 191160
109.400002 191160
109.500000 191160
109.599998 191160
109.699997 191160
109.800003 191160
109.900002 191160
110.000000 191128
110.099998 191128
110.199997 191128
110.300003 191128
110.400002 191128
110.500000 191192
110.599998 191192
110.699997 191192
110.800003 191192
110.900002 191192
111.000000 191192
111.099998 191192
111.199997 191184
111.300003 191184
111.400002 191184
111.500000 191184
111.599998 191184
111.699997 191184
111.800003 191184
111.900002 191184
112.000000 191152
112.099998 191152
112.199997 191152
112.300003 191152
112.400002 191152
112.500000 191152
112.599998 191152
112.699997 191152
112.800003 191152
112.900002 191152
113.000000 191152
113.099998 191152
113.199997 191152
113.300003 191152
113.400002 191152
113.500000 191152
113.599998 191152
113.699997 191184
113.800003 191184
113.900002 191184
114.000000 191152
114.099998 191152
114.199997 191152
114.300003 191152
114.400002 191152
114.500000 191152
114.599998 191152
114.699997 191152
114.800003 191152
114.900002 191152
115.000000 191152
115.099998 191152
115.199997 191152
115.300003 191152
115.400002 191152
115.500000 191152
115.599998 191152
115.699997 191152
115.800003 191152
115.900002 191152
116.000000 191120
116.099998 191120
116.199997 191120
116.300003 191120
116.400002 191120
116.500000 191120
116.599998 191120
116.699997 191120
116.800003 191184
116.900002 191184
117.000000 191184
117.099998 191184
117.199997 191184
117.300003 191184
117.400002 191184
117.500000 191184
117.599998 191184
117.699997 191184
117.800003 191184
117.900002 191184
118.000000 191152
118.099998 191152
118.199997 191152
118.300003 191152
118.400002 191152
118.500000 191152
118.599998 191152
118.699997 191152
118.800003 191152
118.900002 191152
119.000000 191152
119.099998 191152
119.199997 191152
119.300003 191152
119.400002 191152
119.500000 191152
119.599998 191152
119.699997 191152
119.800003 191152
119.900002 191216
120.000000 191184
