0.000000 197756
0.100000 197764
0.200000 197732
0.300000 197732
0.400000 197732
0.500000 197732
0.600000 197732
0.700000 197732
0.800000 197732
0.900000 197748
1.000000 197748
1.100000 197748
1.200000 197748
1.300000 197748
1.400000 197748
1.500000 197748
1.600000 197748
1.700000 197748
1.800000 197748
1.900000 197780
2.000000 197780
2.100000 197780
2.200000 197748
2.300000 197748
2.400000 197748
2.500000 197748
2.600000 197748
2.700000 197748
2.800000 197748
2.900000 197748
3.000000 197748
3.100000 197748
3.200000 197748
3.300000 197748
3.400000 197748
3.500000 197748
3.600000 197748
3.700000 197748
3.800000 197748
3.900000 197748
4.000000 197748
4.100000 197748
4.200000 197748
4.300000 197748
4.400000 197748
4.500000 197748
4.600000 197748
4.700000 197748
4.800000 197748
4.900000 197748
5.000000 197748
5.100000 197748
5.200000 197748
5.300000 197748
5.400000 197812
5.500000 197812
5.600000 197812
5.700000 197812
5.800000 197812
5.900000 197772
6.000000 197772
6.100000 197772
6.200000 197772
6.300000 197772
6.400000 197772
6.500000 197772
6.600000 197772
6.700000 197772
6.800000 197772
6.900000 197740
7.000000 197740
7.100000 197740
7.200000 197740
7.300000 197740
7.400000 197740
7.500000 197740
7.600000 197740
7.700000 197740
7.800000 197740
7.900000 197772
8.000000 197772
8.100000 197772
8.200000 197772
8.300000 197772
8.400000 197772
8.500000 197772
8.600000 197772
8.700000 197772
8.800000 197772
8.900000 197740
9.000000 197740
9.100000 197740
9.200000 197740
9.300000 197740
9.400000 197740
9.500000 197740
9.600000 197740
9.700000 197740
9.800000 197740
9.900000 197740
10.000000 197740
10.100000 197740
10.200000 197740
10.300000 197740
10.400000 197740
10.500000 197740
10.600000 197740
10.700000 197740
10.800000 197740
10.900000 197708
11.000000 197704
11.100000 197768
11.200000 197768
11.300000 197768
11.400000 197768
11.500000 197768
11.600000 197768
11.700000 197768
11.800000 197768
11.900000 197768
12.000000 197768
12.100000 197768
12.200000 197768
12.300000 197768
12.400000 197768
12.500000 197768
12.600000 197768
12.700000 197768
12.800000 197768
12.900000 197736
13.000000 197736
13.100000 197736
13.200000 197736
13.300000 197736
13.400000 197736
13.500000 197736
13.600000 197736
13.700000 197736
13.800000 197736
13.900000 197736
14.000000 197736
14.100000 197736
14.200000 197736
14.300000 197736
14.400000 197736
14.500000 197736
14.600000 197736
14.700000 197736
14.800000 197736
14.900000 197704
15.000000 197704
15.100000 197768
15.200000 197768
15.300000 197768
15.400000 197768
15.500000 197768
15.600000 197768
15.700000 197768
15.800000 197768
15.900000 197768
16.000000 197768
16.100000 197768
16.200001 197768
16.299999 197768
16.400000 197768
16.500000 197768
16.600000 197768
16.700001 197768
16.799999 197768
16.900000 197736
17.000000 197736
17.100000 197736
17.200001 197736
17.299999 197736
17.400000 197736
17.500000 197736
17.600000 197768
17.700001 197768
17.799999 197768
17.900000 197768
18.000000 197768
18.100000 197768
18.200001 197768
18.299999 197768
18.400000 197768
18.500000 197768
18.600000 197768
18.700001 197768
18.799999 197768
18.900000 197736
19.000000 197736
19.100000 197736
19.200001 197736
19.299999 197736
19.400000 197736
19.500000 197736
19.600000 197736
19.700001 197736
19.799999 197736
19.900000 197736
20.000000 197736
20.100000 197736
20.200001 197736
20.299999 197736
20.400000 197736
20.500000 197736
20.600000 197736
20.700001 197736
20.799999 197736
20.900000 197768
21.000000 197768
21.100000 197768
21.200001 197768
21.299999 197768
21.400000 197768
21.500000 197768
21.600000 197768
21.700001 197768
21.799999 197768
21.900000 197768
22.000000 197736
22.100000 197736
22.200001 197736
22.299999 197736
22.400000 197736
22.500000 197736
22.600000 197736
22.700001 197736
22.799999 197736
22.900000 197736
23.000000 197736
23.100000 197736
23.200001 197736
23.299999 197736
23.400000 197736
23.500000 197736
23.600000 197736
23.700001 197736
23.799999 197736
23.900000 197800
24.000000 197768
24.100000 197768
24.200001 197768
24.299999 197768
24.400000 197768
24.500000 197768
24.600000 197768
24.700001 197768
24.799999 197768
24.900000 197764
25.000000 197764
25.100000 197764
25.200001 197764
25.299999 197764
25.400000 197764
25.500000 197764
25.600000 197764
25.700001 197764
25.799999 197764
25.900000 197764
26.000000 197732
26.100000 197732
26.200001 197732
26.299999 197732
26.400000 197732
26.500000 197732
26.600000 197732
26.700001 197732
26.799999 197732
26.900000 197732
27.000000 197732
27.100000 197732
27.200001 197732
27.299999 197732
27.400000 197732
27.500000 197732
27.600000 197732
27.700001 197732
27.799999 197732
27.900000 197764
28.000000 197732
28.100000 197732
28.200001 197732
28.299999 197732
28.400000 197732
28.500000 197732
28.600000 197732
28.700001 197732
28.799999 197732
28.900000 197732
29.000000 197732
29.100000 197732
29.200001 197732
29.299999 197732
29.400000 197732
29.500000 197732
29.600000 197732
29.700001 197732
29.799999 197732
29.900000 197724
30.000000 197692
30.100000 197692
30.200001 197756
30.299999 197756
30.400000 197756
30.500000 197756
30.600000 197756
30.700001 197756
30.799999 197756
30.900000 197756
31.000000 197756
31.100000 197756
31.200001 197756
31.299999 197756
31.400000 197756
31.500000 197756
31.600000 197756
31.700001 197756
31.799999 197756
31.900000 197756
32.000000 197976
32.099998 197976
32.200001 197976
32.299999 197976
32.400002 197976
32.500000 197976
32.599998 197976
32.700001 197976
32.799999 197976
32.900002 197976
33.000000 197976
33.099998 197976
33.200001 197976
33.299999 197976
33.400002 197976
33.500000 197976
33.599998 197976
33.700001 197976
33.799999 197976
33.900002 198008
34.000000 197976
34.099998 197976
34.200001 197976
34.299999 197976
34.400002 197976
34.500000 197976
34.599998 197976
34.700001 197976
34.799999 197976
34.900002 197976
35.000000 197976
35.099998 197976
35.200001 197976
35.299999 197976
35.400002 197976
35.500000 197976
35.599998 197976
35.700001 197976
35.799999 197976
35.900002 197976
36.000000 197944
36.099998 197944
36.200001 197944
36.299999 197944
36.400002 197944
36.500000 198008
36.599998 198008
36.700001 198008
36.799999 198008
36.900002 198008
37.000000 198008
37.099998 198008
37.200001 198008
37.299999 198008
37.400002 198008
37.500000 198008
37.599998 198008
37.700001 198008
37.799999 198008
37.900002 198008
38.000000 197976
38.099998 197976
38.200001 197976
38.299999 197976
38.400002 197976
38.500000 197976
38.599998 197976
38.700001 197976
38.799999 197976
38.900002 197976
39.000000 197976
39.099998 197976
39.200001 197976
39.299999 197976
39.400002 197976
39.500000 197976
39.599998 197976
39.700001 197976
39.799999 197976
39.900002 198008
40.000000 197976
40.099998 197976
40.200001 197976
40.299999 197976
40.400002 197976
40.500000 197976
40.599998 197976
40.700001 197976
40.799999 197976
40.900002 197976
41.000000 197976
41.099998 197976
41.200001 197976
41.299999 197976
41.400002 197976
41.500000 197976
41.599998 197976
41.700001 197976
41.799999 197976
41.900002 197976
42.000000 197944
42.099998 197944
42.200001 197944
42.299999 197944
42.400002 197944
42.500000 197944
42.599998 197944
42.700001 197944
42.799999 198008
42.900002 198008
43.000000 198008
43.099998 198008
43.200001 198008
43.299999 198008
43.400002 198008
43.500000 198008
43.599998 198008
43.700001 198008
43.799999 198008
43.900002 198008
44.000000 197976
44.099998 197976
44.200001 197976
44.299999 197976
44.400002 197976
44.500000 197976
44.599998 197976
44.700001 197976
44.799999 197976
44.900002 197976
45.000000 197976
45.099998 197976
45.200001 197976
45.299999 197976
45.400002 197976
45.500000 197976
45.599998 197976
45.700001 197976
45.799999 198040
45.900002 198008
46.000000 198008
46.099998 198008
46.200001 198008
46.299999 198008
46.400002 198008
46.500000 198008
46.599998 198008
46.700001 198008
46.799999 198008
46.900002 198008
47.000000 198008
47.099998 198008
47.200001 198008
47.299999 198008
47.400002 198008
47.500000 198008
47.599998 198008
47.700001 198008
47.799999 198008
47.900002 197976
48.000000 197976
48.099998 197976
48.200001 197976
48.299999 197976
48.400002 197976
48.500000 197976
48.599998 197976
48.700001 197976
48.799999 197976
48.900002 197972
49.000000 198004
49.099998 198004
49.200001 198004
49.299999 198004
49.400002 198004
49.500000 198004
49.599998 198004
49.700001 198004
49.799999 198004
49.900002 197972
50.000000 197972
50.099998 197972
50.200001 197972
50.299999 197972
50.400002 197972
50.500000 197972
50.599998 197972
50.700001 197972
50.799999 197972
50.900002 197972
51.000000 197972
51.099998 197972
51.200001 197972
51.299999 197972
51.400002 197972
51.500000 197972
51.599998 197972
51.700001 197972
51.799999 197972
51.900002 197940
52.000000 197940
52.099998 198004
52.200001 198004
52.299999 198004
52.400002 198004
52.500000 198004
52.599998 198004
52.700001 198004
52.799999 198004
52.900002 198004
53.000000 198004
53.099998 198004
53.200001 198004
53.299999 198004
53.400002 198004
53.500000 198004
53.599998 198004
53.700001 198004
53.799999 198004
53.900002 197972
54.000000 197964
54.099998 197964
54.200001 197964
54.299999 197964
54.400002 197964
54.500000 197964
54.599998 197964
54.700001 197964
54.799999 197964
54.900002 197964
55.000000 197964
55.099998 197964
55.200001 197964
55.299999 197964
55.400002 197964
55.500000 197964
55.599998 197964
55.700001 197964
55.799999 197964
55.900002 197964
56.000000 197964
56.099998 197964
56.200001 197964
56.299999 197964
56.400002 197964
56.500000 197964
56.599998 197964
56.700001 197964
56.799999 197964
56.900002 197964
57.000000 197964
57.099998 197964
57.200001 197964
57.299999 197964
57.400002 197964
57.500000 197964
57.599998 197964
57.700001 197964
57.799999 197964
57.900002 197932
58.000000 197932
58.099998 197932
58.200001 197932
58.299999 197932
58.400002 197996
58.500000 197996
58.599998 197996
58.700001 197996
58.799999 197996
58.900002 197996
59.000000 197996
59.099998 197996
59.200001 197996
59.299999 197996
59.400002 197996
59.500000 197996
59.599998 197996
59.700001 197996
59.799999 197996
59.900002 197956
60.000000 197956
60.099998 197956
60.200001 197956
60.299999 197956
60.400002 197956
60.500000 197956
60.599998 197956
60.700001 197956
60.799999 197956
60.900002 197956
61.000000 197956
61.099998 197956
61.200001 197956
61.299999 197956
61.400002 197956
61.500000 197956
61.599998 197956
61.700001 197956
61.799999 197956
61.900002 197956
62.000000 197956
62.099998 197956
62.200001 197956
62.299999 197956
62.400002 197956
62.500000 197956
62.599998 197956
62.700001 197956
62.799999 197956
62.900002 197956
63.000000 197956
63.099998 197956
63.200001 197956
63.299999 197956
63.400002 197956
63.500000 197956
63.599998 197956
63.700001 197956
63.799999 197956
63.900002 197924
64.000000 197924
64.099998 197924
64.199997 197924
64.300003 197924
64.400002 197924
64.500000 197924
64.599998 197924
64.699997 197988
64.800003 197988
64.900002 197988
65.000000 197988
65.099998 197988
65.199997 197988
65.300003 197988
65.400002 197988
65.500000 197988
65.599998 197988
65.699997 197988
65.800003 197988
65.900002 197956
66.000000 197956
66.099998 197956
66.199997 197956
66.300003 197956
66.400002 197956
66.500000 197956
66.599998 197956
66.699997 197956
66.800003 197956
66.900002 197956
67.000000 197956
67.099998 197956
67.199997 197956
67.300003 197956
67.400002 197956
67.500000 197956
67.599998 197956
67.699997 197956
67.800003 198020
67.900002 197988
68.000000 197988
68.099998 197988
68.199997 197988
68.300003 197988
68.400002 197988
68.500000 197988
68.599998 197988
68.699997 197988
68.800003 197988
68.900002 197988
69.000000 197988
69.099998 197988
69.199997 197988
69.300003 197988
69.400002 197988
69.500000 197988
69.599998 197988
69.699997 197988
69.800003 197988
69.900002 197956
70.000000 197956
70.099998 197956
70.199997 197956
70.300003 197956
70.400002 197956
70.500000 197956
70.599998 197956
70.699997 197956
70.800003 197956
70.900002 197956
71.000000 197956
71.099998 197956
71.199997 197956
71.300003 197956
71.400002 197956
71.500000 197956
71.599998 197956
71.699997 197956
71.800003 197956
71.900002 197956
72.000000 197956
72.099998 197956
72.199997 197956
72.300003 197956
72.400002 197956
72.500000 197956
72.599998 197956
72.699997 197956
72.800003 197956
72.900002 197952
73.000000 197952
73.099998 197952
73.199997 197952
73.300003 197952
73.400002 197952
73.500000 197952
73.599998 197952
73.699997 197952
73.800003 197952
73.900002 197920
74.000000 197920
74.099998 197984
74.199997 197984
74.300003 197984
74.400002 197984
74.500000 197984
74.599998 197984
74.699997 197984
74.800003 197984
74.900002 197984
75.000000 197984
75.099998 197984
75.199997 197984
75.300003 197984
75.400002 197984
75.500000 197984
75.599998 197984
75.699997 197984
75.800003 197984
75.900002 197952
76.000000 197952
76.099998 197952
76.199997 197952
76.300003 197952
76.400002 197952
76.500000 197952
76.599998 197952
76.699997 197952
76.800003 197952
76.900002 197952
77.000000 197952
77.099998 197952
77.199997 197952
77.300003 197952
77.400002 197952
77.500000 197952
77.599998 197952
77.699997 197952
77.800003 197952
77.900002 197952
78.000000 197944
78.099998 197944
78.199997 197944
78.300003 197944
78.400002 197944
78.500000 197944
78.599998 197944
78.699997 197944
78.800003 197944
78.900002 197944
79.000000 197944
79.099998 197944
79.199997 197944
79.300003 197944
79.400002 197944
79.500000 197944
79.599998 197944
79.699997 197944
79.800003 197944
79.900002 197912
80.000000 197912
80.099998 197912
80.199997 197912
80.300003 197912
80.400002 197976
80.500000 197976
80.599998 197976
80.699997 197976
80.800003 197976
80.900002 197976
81.000000 197976
81.099998 197976
81.199997 197976
81.300003 197976
81.400002 197976
81.500000 197976
81.599998 197976
81.699997 197976
81.800003 197976
81.900002 197976
82.000000 197944
82.099998 197944
82.199997 197944
82.300003 197944
82.400002 197944
82.500000 197944
82.599998 197944
82.699997 197944
82.800003 197944
82.900002 197944
83.000000 197944
83.099998 197944
83.199997 197944
83.300003 197944
83.400002 197944
83.500000 197944
83.599998 197944
83.699997 197944
83.800003 197944
83.900002 197912
84.000000 197976
84.099998 197976
84.199997 197976
84.300003 197976
84.400002 197976
84.500000 197976
84.599998 197976
84.699997 197976
84.800003 197976
84.900002 197936
85.000000 197936
85.099998 197936
85.199997 197936
85.300003 197936
85.400002 197936
85.500000 197936
85.599998 198000
85.699997 198000
85.800003 198000
85.900002 197968
86.000000 197968
86.099998 197968
86.199997 197968
86.300003 197968
86.400002 197968
86.500000 197968
86.599998 197968
86.699997 197968
86.800003 197968
86.900002 197936
87.000000 197936
87.099998 197936
87.199997 197936
87.300003 197936
87.400002 197936
87.500000 197936
87.599998 197936
87.699997 197936
87.800003 197936
87.900002 197936
88.000000 197936
88.099998 197936
88.199997 197936
88.300003 197936
88.400002 197936
88.500000 197936
88.599998 197936
88.699997 197936
88.800003 197936
88.900002 197968
89.000000 197968
89.099998 197968
89.199997 197968
89.300003 197968
89.400002 197968
89.500000 197968
89.599998 197968
89.699997 197968
89.800003 197968
89.900002 197936
90.000000 197936
90.099998 197936
90.199997 197936
90.300003 197936
90.400002 197936
90.500000 197936
90.599998 197936
90.699997 197936
90.800003 197936
90.900002 197936
91.000000 197936
91.099998 197936
91.199997 197936
91.300003 197936
91.400002 197936
91.500000 197936
91.599998 197936
91.699997 197936
91.800003 197904
91.900002 197904
92.000000 197968
92.099998 197968
92.199997 197968
92.300003 197968
92.400002 197968
92.500000 197968
92.599998 197968
92.699997 197968
92.800003 197968
92.900002 197936
93.000000 197936
93.099998 197936
93.199997 197936
93.300003 197936
93.400002 197936
93.500000 197936
93.599998 197936
93.699997 197936
93.800003 197936
93.900002 197936
94.000000 197936
94.099998 197936
94.199997 197936
94.300003 197936
94.400002 197936
94.500000 197936
94.599998 197936
94.699997 197936
94.800003 197904
94.900002 197904
95.000000 197904
95.099998 197904
95.199997 197968
95.300003 197968
95.400002 197968
95.500000 197968
95.599998 197968
95.699997 197968
95.800003 197936
95.900002 197936
96.000000 197936
96.099998 197936
96.199997 197936
96.300003 197936
96.400002 197936
96.500000 197936
96.599998 197936
96.699997 197936
96.800003 198000
96.900002 197968
97.000000 197968
97.099998 197968
97.199997 197968
97.300003 197968
97.400002 197968
97.500000 197968
97.599998 197968
97.699997 197968
97.800003 197964
97.900002 197964
98.000000 197964
98.099998 197964
98.199997 197964
98.300003 197964
98.400002 197964
98.500000 197964
98.599998 197964
98.699997 197964
98.800003 197964
98.900002 197964
99.000000 197964
99.099998 197964
99.199997 197964
99.300003 197964
99.400002 197964
99.500000 197964
99.599998 197964
99.699997 197964
99.800003 197932
99.900002 197932
100.000000 197932
100.099998 197932
100.199997 197932
100.300003 197932
100.400002 197932
100.500000 197932
100.599998 197932
100.699997 197932
100.800003 197964
100.900002 197964
101.000000 197964
101.099998 197964
101.199997 197964
101.300003 197964
101.400002 197964
101.500000 197964
101.599998 197964
101.699997 197964
101.800003 197964
101.900002 197964
102.000000 197964
102.099998 197964
102.199997 197964
102.300003 197964
102.400002 197964
102.500000 197964
102.599998 197964
102.699997 197964
102.800003 197924
102.900002 197924
103.000000 197924
103.099998 197924
103.199997 197924
103.300003 197924
103.400002 197924
103.500000 197924
103.599998 197924
103.699997 197924
103.800003 197956
103.900002 197956
104.000000 197956
104.099998 197956
104.199997 197956
104.300003 197956
104.400002 197956
104.500000 197956
104.599998 197956
104.699997 197956
104.800003 197924
104.900002 197924
105.000000 197924
105.099998 197924
105.199997 197924
105.300003 197924
105.400002 197924
105.500000 197924
105.599998 197924
105.699997 197924
105.800003 197924
105.900002 197924
106.000000 197924
106.099998 197924
106.199997 197924
106.300003 197924
106.400002 197924
106.500000 197924
106.599998 197924
106.699997 197924
106.800003 197956
106.900002 197956
107.000000 197956
107.099998 197956
107.199997 197956
107.300003 197956
107.400002 197956
107.500000 197956
107.599998 197956
107.699997 197956
107.800003 197924
107.900002 197924
108.000000 197924
108.099998 197988
108.199997 197988
108.300003 197988
108.400002 197988
108.500000 197988
108.599998 197988
108.699997 197988
108.800003 197956
108.900002 197956
109.000000 197956
109.099998 197956
109.199997 197956
109.300003 197956
109.400002 197956
109.500000 197956
109.599998 197956
109.699997 197956
109.800003 197956
109.900002 197956
110.000000 197956
110.099998 197956
110.199997 197956
110.300003 197956
110.400002 197956
110.500000 197924
110.599998 197924
110.699997 197924
110.800003 197924
110.900002 197924
111.000000 197924
111.099998 197924
111.199997 197924
111.300003 197924
111.400002 197924
111.500000 197924
111.599998 197924
111.699997 197924
111.800003 197892
111.900002 197892
112.000000 197956
112.099998 197956
112.199997 197956
112.300003 197956
112.400002 197956
112.500000 197956
112.599998 197956
112.699997 197956
112.800003 197956
112.900002 197956
113.000000 197956
113.099998 197956
113.199997 197956
113.300003 197956
113.400002 197956
113.500000 197956
113.599998 197956
113.699997 197956
113.800003 197924
113.900002 197924
114.000000 197924
114.099998 197924
114.199997 197924
114.300003 197924
114.400002 197924
114.500000 197924
114.599998 197924
114.699997 197924
114.800003 197924
114.900002 197924
115.000000 197924
115.099998 197924
115.199997 197924
115.300003 197924
115.400002 197924
115.500000 197924
115.599998 197924
115.699997 197924
115.800003 197924
115.900002 197924
116.000000 197924
116.099998 197924
116.199997 197924
116.300003 197924
116.400002 197924
116.500000 197924
116.599998 197924
116.699997 197924
116.800003 197924
116.900002 197924
117.000000 197924
117.099998 197924
117.199997 197924
117.300003 197924
117.400002 197924
117.500000 197924
117.599998 197924
117.699997 197924
117.800003 197892
117.900002 197892
118.000000 197892
118.099998 197892
118.199997 197892
118.300003 197956
118.400002 197956
118.500000 197956
118.599998 197956
118.699997 197956
118.800003 197956
118.900002 197956
119.000000 197956
119.099998 197956
119.199997 197956
119.300003 197956
119.400002 197956
119.500000 197956
119.599998 197956
119.699997 197956
119.800003 197924
119.900002 197924
120.000000 197924
