0.000000 197924
0.100000 197924
0.200000 197924
0.300000 197924
0.400000 197924
0.500000 197924
0.600000 197924
0.700000 197924
0.800000 197940
0.900000 197940
1.000000 197940
1.100000 197940
1.200000 197940
1.300000 197940
1.400000 197940
1.500000 197940
1.600000 197940
1.700000 197940
1.800000 197940
1.900000 197940
2.000000 197940
2.100000 197940
2.200000 197940
2.300000 197940
2.400000 197940
2.500000 197940
2.600000 197940
2.700000 197940
2.800000 197940
2.900000 197940
3.000000 197940
3.100000 197940
3.200000 197940
3.300000 197940
3.400000 197940
3.500000 197940
3.600000 197940
3.700000 197940
3.800000 197908
3.900000 197908
4.000000 197908
4.100000 197908
4.200000 197908
4.300000 197908
4.400000 197972
4.500000 197972
4.600000 197972
4.700000 197972
4.800000 197972
4.900000 197972
5.000000 197972
5.100000 197972
5.200000 197972
5.300000 197972
5.400000 197972
5.500000 197972
5.600000 197972
5.700000 197972
5.800000 197932
5.900000 197932
6.000000 197932
6.100000 197932
6.200000 197932
6.300000 197932
6.400000 197932
6.500000 197932
6.600000 197932
6.700000 197932
6.800000 197932
6.900000 197932
7.000000 197932
7.100000 197932
7.200000 197932
7.300000 197932
7.400000 197932
7.500000 197996
7.600000 197996
7.700000 197996
7.800000 197964
7.900000 197964
8.000000 197964
8.100000 197964
8.200000 197964
8.300000 197964
8.400000 197964
8.500000 197964
8.600000 197964
8.700000 197964
8.800000 197964
8.900000 197964
9.000000 197964
9.100000 197964
9.200000 197964
9.300000 197964
9.400000 197964
9.500000 197964
9.600000 197964
9.700000 197964
9.800000 197932
9.900000 197932
10.000000 197932
10.100000 197932
10.200000 197932
10.300000 197932
10.400000 197932
10.500000 197932
10.600000 197932
10.700000 197964
10.800000 197964
10.900000 197964
11.000000 197964
11.100000 197964
11.200000 197964
11.300000 197964
11.400000 197964
11.500000 197964
11.600000 197964
11.700000 197964
11.800000 197932
11.900000 197932
12.000000 197932
12.100000 197932
12.200000 197932
12.300000 197932
12.400000 197932
12.500000 197932
12.600000 197932
12.700000 197932
12.800000 197932
12.900000 197932
13.000000 197932
13.100000 197932
13.200000 197932
13.300000 197932
13.400000 197932
13.500000 197932
13.600000 197932
13.700000 197932
13.800000 197964
13.900000 197964
14.000000 197964
14.100000 197964
14.200000 197964
14.300000 197964
14.400000 197964
14.500000 197964
14.600000 197964
14.700000 197964
14.800000 197964
14.900000 197964
15.000000 197964
15.100000 197964
15.200000 197964
15.300000 197964
15.400000 197964
15.500000 197964
15.600000 197964
15.700000 197964
15.800000 197932
15.900000 197932
16.000000 197932
16.100000 197932
16.200001 197932
16.299999 197932
16.400000 197932
16.500000 197932
16.600000 197932
16.700001 197932
16.799999 197932
16.900000 197932
17.000000 197932
17.100000 197932
17.200001 197932
17.299999 197932
17.400000 197932
17.500000 197932
17.600000 197932
17.700001 197932
17.799999 197932
17.900000 197932
18.000000 197932
18.100000 197932
18.200001 197932
18.299999 197932
18.400000 197932
18.500000 197932
18.600000 197932
18.700001 197932
18.799999 197932
18.900000 197932
19.000000 197932
19.100000 197932
19.200001 197932
19.299999 197932
19.400000 197932
19.500000 197932
19.600000 197932
19.700001 197932
19.799999 197900
19.900000 197900
20.000000 197964
20.100000 197964
20.200001 197964
20.299999 197964
20.400000 197964
20.500000 197964
20.600000 197964
20.700001 197964
20.799999 197964
20.900000 197964
21.000000 197964
21.100000 197964
21.200001 197964
21.299999 197964
21.400000 197964
21.500000 197964
21.600000 197964
21.700001 197964
21.799999 197932
21.900000 197932
22.000000 197932
22.100000 197932
22.200001 197932
22.299999 197932
22.400000 197932
22.500000 197932
22.600000 197932
22.700001 197932
22.799999 197932
22.900000 197932
23.000000 197932
23.100000 197932
23.200001 197932
23.299999 197932
23.400000 197932
23.500000 197932
23.600000 197932
23.700001 197932
23.799999 197932
23.900000 197932
24.000000 197932
24.100000 197932
24.200001 197932
24.299999 197932
24.400000 197932
24.500000 197932
24.600000 197932
24.700001 197932
24.799999 197928
24.900000 197928
25.000000 197928
25.100000 197928
25.200001 197928
25.299999 197928
25.400000 197928
25.500000 197928
25.600000 197928
25.700001 197928
25.799999 197896
25.900000 197896
26.000000 197896
26.100000 197896
26.200001 197960
26.299999 197960
26.400000 197960
26.500000 197960
26.600000 197960
26.700001 197960
26.799999 197960
26.900000 197960
27.000000 197960
27.100000 197960
27.200001 197960
27.299999 197960
27.400000 197960
27.500000 197960
27.600000 197960
27.700001 197960
27.799999 197928
27.900000 197928
28.000000 197928
28.100000 197928
28.200001 197928
28.299999 197928
28.400000 197928
28.500000 197928
28.600000 197928
28.700001 197928
28.799999 197928
28.900000 197928
29.000000 197928
29.100000 197928
29.200001 197928
29.299999 197928
29.400000 197992
29.500000 197992
29.600000 197992
29.700001 197992
29.799999 197960
29.900000 197952
30.000000 197952
30.100000 197952
30.200001 197952
30.299999 197952
30.400000 197952
30.500000 197952
30.600000 197952
30.700001 197952
30.799999 197952
30.900000 197952
31.000000 197952
31.100000 197952
31.200001 197952
31.299999 197952
31.400000 197952
31.500000 197952
31.600000 197952
31.700001 197952
31.799999 197920
31.900000 197920
32.000000 197920
32.099998 197920
32.200001 197920
32.299999 197920
32.400002 197920
32.500000 197920
32.599998 197920
32.700001 197920
32.799999 197952
32.900002 197952
33.000000 197952
33.099998 197952
33.200001 197952
33.299999 197952
33.400002 197952
33.500000 197952
33.599998 197952
33.700001 197952
33.799999 197920
33.900002 197920
34.000000 197920
34.099998 197920
34.200001 197920
34.299999 197920
34.400002 197920
34.500000 197920
34.599998 197920
34.700001 197920
34.799999 197952
34.900002 197952
35.000000 197952
35.099998 197952
35.200001 197952
35.299999 197952
35.400002 197952
35.500000 197952
35.599998 197952
35.700001 197952
35.799999 197916
35.900002 197916
36.000000 197916
36.099998 197916
36.200001 197916
36.299999 197916
36.400002 197916
36.500000 197916
36.599998 197916
36.700001 197916
36.799999 197944
36.900002 197944
37.000000 197944
37.099998 197944
37.200001 197944
37.299999 197944
37.400002 197944
37.500000 197944
37.599998 197944
37.700001 197944
37.799999 197912
37.900002 197912
38.000000 197912
38.099998 197912
38.200001 197912
38.299999 197912
38.400002 197912
38.500000 197912
38.599998 197912
38.700001 197912
38.799999 197912
38.900002 197912
39.000000 197912
39.099998 197912
39.200001 197912
39.299999 197912
39.400002 197912
39.500000 197912
39.599998 197912
39.700001 197912
39.799999 197912
39.900002 197944
40.000000 197944
40.099998 197944
40.200001 197944
40.299999 197944
40.400002 197944
40.500000 197944
40.599998 197944
40.700001 197944
40.799999 197944
40.900002 197944
41.000000 197944
41.099998 197944
41.200001 197944
41.299999 197944
41.400002 197944
41.500000 197944
41.599998 197944
41.700001 197944
41.799999 197944
41.900002 197912
42.000000 197912
42.099998 197912
42.200001 197912
42.299999 197912
42.400002 197912
42.500000 197912
42.599998 197912
42.700001 197912
42.799999 197944
42.900002 197944
43.000000 197944
43.099998 197944
43.200001 197944
43.299999 197944
43.400002 197944
43.500000 197944
43.599998 197944
43.700001 197944
43.799999 197912
43.900002 197912
44.000000 197912
44.099998 197912
44.200001 197912
44.299999 197912
44.400002 197912
44.500000 197912
44.599998 197912
44.700001 197912
44.799999 197912
44.900002 197912
45.000000 197912
45.099998 197912
45.200001 197912
45.299999 197912
45.400002 197912
45.500000 197912
45.599998 197912
45.700001 197912
45.799999 197944
45.900002 197944
46.000000 197944
46.099998 197944
46.200001 197944
46.299999 197944
46.400002 197944
46.500000 197944
46.599998 197944
46.700001 197944
46.799999 197944
46.900002 197944
47.000000 197944
47.099998 197944
47.200001 197944
47.299999 197944
47.400002 197944
47.500000 197944
47.599998 197944
47.700001 197944
47.799999 197944
47.900002 197912
48.000000 197912
48.099998 197912
48.200001 197912
48.299999 197912
48.400002 197912
48.500000 197912
48.599998 197912
48.700001 197912
48.799999 197908
48.900002 197908
49.000000 197972
49.099998 197972
49.200001 197972
49.299999 197972
49.400002 197972
49.500000 197972
49.599998 197972
49.700001 197972
49.799999 197940
49.900002 197940
50.000000 197940
50.099998 197940
50.200001 197940
50.299999 197940
50.400002 197940
50.500000 197940
50.599998 197940
50.700001 197940
50.799999 197940
50.900002 197940
51.000000 197940
51.099998 197940
51.200001 197940
51.299999 197940
51.400002 197940
51.500000 197940
51.599998 197940
51.700001 197940
51.799999 197940
51.900002 197908
52.000000 197908
52.099998 197908
52.200001 197908
52.299999 197908
52.400002 197908
52.500000 197908
52.599998 197908
52.700001 197908
52.799999 197940
52.900002 197940
53.000000 197940
53.099998 197940
53.200001 197940
53.299999 197940
53.400002 197940
53.500000 197940
53.599998 197940
53.700001 197940
53.799999 197908
53.900002 197908
54.000000 197908
54.099998 197908
54.200001 197908
54.299999 197908
54.400002 197908
54.500000 197908
54.599998 197908
54.700001 197908
54.799999 197900
54.900002 197900
55.000000 197900
55.099998 197900
55.200001 197900
55.299999 197900
55.400002 197900
55.500000 197900
55.599998 197900
55.700001 197900
55.799999 197932
55.900002 197932
56.000000 197932
56.099998 197932
56.200001 197932
56.299999 197932
56.400002 197932
56.500000 197932
56.599998 197932
56.700001 197932
56.799999 197932
56.900002 197932
57.000000 197932
57.099998 197932
57.200001 197932
57.299999 197932
57.400002 197932
57.500000 197932
57.599998 197932
57.700001 197932
57.799999 197932
57.900002 197900
58.000000 197900
58.099998 197900
58.200001 197900
58.299999 197900
58.400002 197900
58.500000 197900
58.599998 197900
58.700001 197900
58.799999 197932
58.900002 197932
59.000000 197932
59.099998 197932
59.200001 197932
59.299999 197932
59.400002 197932
59.500000 197932
59.599998 197932
59.700001 197932
59.799999 197900
59.900002 197900
60.000000 197900
60.099998 197900
60.200001 197900
60.299999 197900
60.400002 197900
60.500000 197900
60.599998 197900
60.700001 197900
60.799999 197900
60.900002 197900
61.000000 197900
61.099998 197900
61.200001 197900
61.299999 197900
61.400002 197900
61.500000 197900
61.599998 197900
61.700001 197900
61.799999 197900
61.900002 197932
62.000000 197932
62.099998 197932
62.200001 197932
62.299999 197932
62.400002 197932
62.500000 197932
62.599998 197932
62.700001 197932
62.799999 197932
62.900002 197932
63.000000 197932
63.099998 197932
63.200001 197932
63.299999 197932
63.400002 197932
63.500000 197932
63.599998 197932
63.700001 197932
63.799999 197900
63.900002 197900
64.000000 197900
64.099998 197900
64.199997 197900
64.300003 197900
64.400002 197900
64.500000 197900
64.599998 197900
64.699997 197932
64.800003 197932
64.900002 197932
65.000000 197932
65.099998 197932
65.199997 197932
65.300003 197932
65.400002 197932
65.500000 197932
65.599998 197932
65.699997 197932
65.800003 197900
65.900002 197900
66.000000 197900
66.099998 197900
66.199997 197900
66.300003 197900
66.400002 197900
66.500000 197900
66.599998 197900
66.699997 197900
66.800003 197900
66.900002 197900
67.000000 197900
67.099998 197900
67.199997 197900
67.300003 197900
67.400002 197900
67.500000 197900
67.599998 197900
67.699997 197900
67.800003 197932
67.900002 197932
68.000000 197932
68.099998 197932
68.199997 197932
68.300003 197932
68.400002 197932
68.500000 197932
68.599998 197932
68.699997 197932
68.800003 197932
68.900002 197932
69.000000 197932
69.099998 197932
69.199997 197932
69.300003 197932
69.400002 197932
69.500000 197932
69.599998 197932
69.699997 197932
69.800003 197900
69.900002 197900
70.000000 197900
70.099998 197900
70.199997 197900
70.300003 197900
70.400002 197900
70.500000 197900
70.599998 197900
70.699997 197900
70.800003 197900
70.900002 197964
71.000000 197964
71.099998 197964
71.199997 197964
71.300003 197964
71.400002 197964
71.500000 197964
71.599998 197964
71.699997 197964
71.800003 197932
71.900002 197932
72.000000 197932
72.099998 197932
72.199997 197932
72.300003 197932
72.400002 197932
72.500000 197932
72.599998 197932
72.699997 197932
72.800003 197932
72.900002 197932
73.000000 197932
73.099998 197932
73.199997 197932
73.300003 197932
73.400002 197932
73.500000 197932
73.599998 197932
73.699997 197932
73.800003 197896
73.900002 197896
74.000000 197928
74.099998 197928
74.199997 197928
74.300003 197928
74.400002 197928
74.500000 197928
74.599998 197928
74.699997 197928
74.800003 197928
74.900002 197928
75.000000 197928
75.099998 197928
75.199997 197928
75.300003 197928
75.400002 197928
75.500000 197928
75.599998 197928
75.699997 197928
75.800003 197896
75.900002 197896
76.000000 197896
76.099998 197896
76.199997 197896
76.300003 197896
76.400002 197896
76.500000 197896
76.599998 197896
76.699997 197896
76.800003 197896
76.900002 197896
77.000000 197896
77.099998 197896
77.199997 197896
77.300003 197896
77.400002 197896
77.500000 197896
77.599998 197896
77.699997 197896
77.800003 197928
77.900002 197928
78.000000 197928
78.099998 197928
78.199997 197928
78.300003 197928
78.400002 197928
78.500000 197928
78.599998 197928
78.699997 197928
78.800003 197928
78.900002 197928
79.000000 197928
79.099998 197928
79.199997 197928
79.300003 197928
79.400002 197928
79.500000 197928
79.599998 197928
79.699997 197928
79.800003 197888
79.900002 197888
80.000000 197888
80.099998 197888
80.199997 197888
80.300003 197920
80.400002 197920
80.500000 197920
80.599998 197920
80.699997 197920
80.800003 197920
80.900002 197920
81.000000 197920
81.099998 197920
81.199997 197920
81.300003 197920
81.400002 197920
81.500000 197920
81.599998 197920
81.699997 197920
81.800003 197888
81.900002 197888
82.000000 197888
82.099998 197888
82.199997 197888
82.300003 197888
82.400002 197888
82.500000 197888
82.599998 197888
82.699997 197888
82.800003 197920
82.900002 197920
83.000000 197920
83.099998 197920
83.199997 197920
83.300003 197920
83.400002 197920
83.500000 197920
83.599998 197920
83.699997 197920
83.800003 197888
83.900002 197888
84.000000 197888
84.099998 197888
84.199997 197888
84.300003 197888
84.400002 197888
84.500000 197888
84.599998 197888
84.699997 197920
84.800003 197920
84.900002 197920
85.000000 197920
85.099998 197920
85.199997 197920
85.300003 197920
85.400002 197920
85.500000 197920
85.599998 197920
85.699997 197920
85.800003 197880
85.900002 197880
86.000000 197880
86.099998 197880
86.199997 197880
86.300003 197880
86.400002 197880
86.500000 197880
86.599998 197880
86.699997 197880
86.800003 197880
86.900002 197880
87.000000 197880
87.099998 197880
87.199997 197848
87.300003 197848
87.400002 197848
87.500000 197848
87.599998 197848
87.699997 197848
87.800003 197912
87.900002 197912
88.000000 197912
88.099998 197912
88.199997 197912
88.300003 197912
88.400002 197912
88.500000 197912
88.599998 197912
88.699997 197912
88.800003 197912
88.900002 197912
89.000000 197912
89.099998 197912
89.199997 197912
89.300003 197912
89.400002 197912
89.500000 197912
89.599998 197912
89.699997 197912
89.800003 197880
89.900002 197880
90.000000 197880
90.099998 197880
90.199997 197880
90.300003 197880
90.400002 197880
90.500000 197880
90.599998 197880
90.699997 197880
90.800003 197880
90.900002 197880
91.000000 197944
91.099998 197944
91.199997 197944
91.300003 197944
91.400002 197944
91.500000 197944
91.599998 197944
91.699997 197944
91.800003 197944
91.900002 197912
92.000000 197912
92.099998 197912
92.199997 197912
92.300003 197912
92.400002 197912
92.500000 197912
92.599998 197912
92.699997 197912
92.800003 197912
92.900002 197912
93.000000 197912
93.099998 197912
93.199997 197912
93.300003 197912
93.400002 197912
93.500000 197912
93.599998 197912
93.699997 197912
93.800003 197880
93.900002 197880
94.000000 197912
94.099998 197912
94.199997 197912
94.300003 197912
94.400002 197912
94.500000 197912
94.599998 197912
94.699997 197912
94.800003 197912
94.900002 197912
95.000000 197912
95.099998 197912
95.199997 197912
95.300003 197912
95.400002 197912
95.500000 197912
95.599998 197912
95.699997 197912
95.800003 197880
95.900002 197880
96.000000 197880
96.099998 197880
96.199997 197880
96.300003 197880
96.400002 197880
96.500000 197880
96.599998 197880
96.699997 197880
96.800003 197880
96.900002 197880
97.000000 197880
97.099998 197880
97.199997 197880
97.300003 197880
97.400002 197880
97.500000 197880
97.599998 197880
97.699997 197880
97.800003 197908
97.900002 197908
98.000000 197908
98.099998 197908
98.199997 197908
98.300003 197908
98.400002 197908
98.500000 197908
98.599998 197908
98.699997 197908
98.800003 197908
98.900002 197908
99.000000 197908
99.099998 197908
99.199997 197908
99.300003 197908
99.400002 197908
99.500000 197908
99.599998 197908
99.699997 197908
99.800003 197876
99.900002 197876
100.000000 197876
100.099998 197876
100.199997 197876
100.300003 197908
100.400002 197908
100.500000 197908
100.599998 197908
100.699997 197908
100.800003 197908
100.900002 197908
101.000000 197908
101.099998 197908
101.199997 197908
101.300003 197908
101.400002 197908
101.500000 197908
101.599998 197908
101.699997 197908
101.800003 197876
101.900002 197876
102.000000 197876
102.099998 197876
102.199997 197876
102.300003 197876
102.400002 197876
102.500000 197876
102.599998 197876
102.699997 197876
102.800003 197876
102.900002 197876
103.000000 197876
103.099998 197876
103.199997 197876
103.300003 197876
103.400002 197876
103.500000 197876
103.599998 197876
103.699997 197876
103.800003 197900
103.900002 197900
104.000000 197900
104.099998 197900
104.199997 197900
104.300003 197900
104.400002 197900
104.500000 197900
104.599998 197900
104.699997 197900
104.800003 197900
104.900002 197900
105.000000 197900
105.099998 197900
105.199997 197900
105.300003 197900
105.400002 197900
105.500000 197900
105.599998 197900
105.699997 197900
105.800003 197868
105.900002 197868
106.000000 197868
106.099998 197868
106.199997 197868
106.300003 197868
106.400002 197868
106.500000 197868
106.599998 197900
106.699997 197900
106.800003 197900
106.900002 197900
107.000000 197900
107.099998 197900
107.199997 197900
107.300003 197900
107.400002 197900
107.500000 197900
107.599998 197900
107.699997 197900
107.800003 197868
107.900002 197868
108.000000 197868
108.099998 197868
108.199997 197868
108.300003 197868
108.400002 197868
108.500000 197868
108.599998 197868
108.699997 197868
108.800003 197868
108.900002 197868
109.000000 197868
109.099998 197868
109.199997 197868
109.300003 197868
109.400002 197868
109.500000 197868
109.599998 197868
109.699997 197868
109.800003 197900
109.900002 197900
110.000000 197900
110.099998 197900
110.199997 197900
110.300003 197900
110.400002 197900
110.500000 197900
110.599998 197900
110.699997 197900
110.800003 197900
110.900002 197900
111.000000 197900
111.099998 197900
111.199997 197900
111.300003 197900
111.400002 197900
111.500000 197900
111.599998 197900
111.699997 197900
111.800003 197868
111.900002 197868
112.000000 197868
112.099998 197868
112.199997 197868
112.300003 197868
112.400002 197868
112.500000 197868
112.599998 197868
112.699997 197868
112.800003 197868
112.900002 197932
113.000000 197932
113.099998 197932
113.199997 197932
113.300003 197932
113.400002 197932
113.500000 197932
113.599998 197932
113.699997 197932
113.800003 197900
113.900002 197900
114.000000 197900
114.099998 197900
114.199997 197900
114.300003 197900
114.400002 197900
114.500000 197900
114.599998 197900
114.699997 197900
114.800003 197868
114.900002 197868
115.000000 197868
115.099998 197868
115.199997 197868
115.300003 197868
115.400002 197868
115.500000 197868
115.599998 197868
115.699997 197868
115.800003 197868
115.900002 197868
116.000000 197868
116.099998 197868
116.199997 197868
116.300003 197868
116.400002 197868
116.500000 197868
116.599998 197868
116.699997 197868
116.800003 197836
116.900002 197900
117.000000 197900
117.099998 197900
117.199997 197900
117.300003 197900
117.400002 197900
117.500000 197900
117.599998 197900
117.699997 197900
117.800003 197868
117.900002 197868
118.000000 197868
118.099998 197868
118.199997 197868
118.300003 197868
118.400002 197868
118.500000 197868
118.599998 197868
118.699997 197868
118.800003 197900
118.900002 197900
119.000000 197900
119.099998 197900
119.199997 197900
119.300003 197900
119.400002 197900
119.500000 197900
119.599998 197900
119.699997 197868
119.800003 197868
119.900002 197868
120.000000 197868
