0.000000 197868
0.100000 197868
0.200000 197868
0.300000 197868
0.400000 197868
0.500000 197868
0.600000 197868
0.700000 197868
0.800000 197884
0.900000 197884
1.000000 197884
1.100000 197884
1.200000 197884
1.300000 197884
1.400000 197884
1.500000 197884
1.600000 197884
1.700000 197884
1.800000 197884
1.900000 197884
2.000000 197884
2.100000 197884
2.200000 197884
2.300000 197884
2.400000 197884
2.500000 197884
2.600000 197884
2.700000 197884
2.800000 197884
2.900000 197884
3.000000 197884
3.100000 197884
3.200000 197884
3.300000 197884
3.400000 197884
3.500000 197884
3.600000 197884
3.700000 197884
3.800000 197884
3.900000 197884
4.000000 197884
4.100000 197884
4.200000 197884
4.300000 197884
4.400000 197884
4.500000 197884
4.600000 197884
4.700000 197884
4.800000 197884
4.900000 197884
5.000000 197884
5.100000 197948
5.200000 197916
5.300000 197916
5.400000 197916
5.500000 197916
5.600000 197916
5.700000 197916
5.800000 197916
5.900000 197916
6.000000 197916
6.100000 197916
6.200000 197916
6.300000 197916
6.400000 197916
6.500000 197916
6.600000 197916
6.700000 197916
6.800000 197908
6.900000 197908
7.000000 197908
7.100000 197908
7.200000 197876
7.300000 197876
7.400000 197876
7.500000 197876
7.600000 197876
7.700000 197876
7.800000 197876
7.900000 197876
8.000000 197876
8.100000 197876
8.200000 197876
8.300000 197876
8.400000 197876
8.500000 197876
8.600000 197876
8.700000 197876
8.800000 197908
8.900000 197908
9.000000 197908
9.100000 197908
9.200000 197876
9.300000 197876
9.400000 197876
9.500000 197876
9.600000 197876
9.700000 197876
9.800000 197876
9.900000 197876
10.000000 197876
10.100000 197876
10.200000 197876
10.300000 197876
10.400000 197876
10.500000 197876
10.600000 197876
10.700000 197876
10.800000 197876
10.900000 197876
11.000000 197876
11.100000 197876
11.200000 197876
11.300000 197876
11.400000 197876
11.500000 197876
11.600000 197876
11.700000 197876
11.800000 197908
11.900000 197908
12.000000 197908
12.100000 197908
12.200000 197908
12.300000 197908
12.400000 197908
12.500000 197908
12.600000 197908
12.700000 197908
12.800000 197908
12.900000 197908
13.000000 197908
13.100000 197908
13.200000 197908
13.300000 197908
13.400000 197908
13.500000 197908
13.600000 197908
13.700000 197876
13.800000 197876
13.900000 197876
14.000000 197876
14.100000 197876
14.200000 197876
14.300000 197876
14.400000 197876
14.500000 197908
14.600000 197908
14.700000 197908
14.800000 197908
14.900000 197908
15.000000 197908
15.100000 197908
15.200000 197908
15.300000 197908
15.400000 197908
15.500000 197908
15.600000 197908
15.700000 197908
15.800000 197876
15.900000 197876
16.000000 197876
16.100000 197876
16.200001 197876
16.299999 197876
16.400000 197876
16.500000 197876
16.600000 197876
16.700001 197876
16.799999 197876
16.900000 197876
17.000000 197876
17.100000 197876
17.200001 197876
17.299999 197876
17.400000 197876
17.500000 197876
17.600000 197876
17.700001 197908
17.799999 197908
17.900000 197908
18.000000 197908
18.100000 197908
18.200001 197908
18.299999 197908
18.400000 197908
18.500000 197908
18.600000 197908
18.700001 197908
18.799999 197908
18.900000 197908
19.000000 197908
19.100000 197908
19.200001 197908
19.299999 197908
19.400000 197908
19.500000 197908
19.600000 197908
19.700001 197908
19.799999 197876
19.900000 197876
20.000000 197876
20.100000 197876
20.200001 197876
20.299999 197876
20.400000 197876
20.500000 197876
20.600000 197876
20.700001 197876
20.799999 197908
20.900000 197908
21.000000 197908
21.100000 197908
21.200001 197908
21.299999 197908
21.400000 197908
21.500000 197908
21.600000 197908
21.700001 197876
21.799999 197876
21.900000 197876
22.000000 197876
22.100000 197876
22.200001 197876
22.299999 197876
22.400000 197876
22.500000 197876
22.600000 197876
22.700001 197876
22.799999 197876
22.900000 197876
23.000000 197876
23.100000 197876
23.200001 197876
23.299999 197876
23.400000 197876
23.500000 197876
23.600000 197876
23.700001 197876
23.799999 197844
23.900000 197908
24.000000 197908
24.100000 197908
24.200001 197908
24.299999 197908
24.400000 197908
24.500000 197908
24.600000 197908
24.700001 197908
24.799999 197904
24.900000 197904
25.000000 197904
25.100000 197904
25.200001 197904
25.299999 197904
25.400000 197904
25.500000 197904
25.600000 197904
25.700001 197872
25.799999 197872
25.900000 197872
26.000000 197872
26.100000 197872
26.200001 197872
26.299999 197872
26.400000 197872
26.500000 197872
26.600000 197872
26.700001 197872
26.799999 197872
26.900000 197872
27.000000 197872
27.100000 197936
27.200001 197936
27.299999 197936
27.400000 197936
27.500000 197936
27.600000 197936
27.700001 197936
27.799999 197904
27.900000 197904
28.000000 197904
28.100000 197904
28.200001 197904
28.299999 197904
28.400000 197904
28.500000 197904
28.600000 197904
28.700001 197904
28.799999 197904
28.900000 197904
29.000000 197904
29.100000 197904
29.200001 197904
29.299999 197904
29.400000 197904
29.500000 197904
29.600000 197904
29.700001 197872
29.799999 197872
29.900000 197864
30.000000 197864
30.100000 197864
30.200001 197896
30.299999 197896
30.400000 197896
30.500000 197896
30.600000 197896
30.700001 197896
30.799999 197896
30.900000 197896
31.000000 197896
31.100000 197896
31.200001 197896
31.299999 197896
31.400000 197896
31.500000 197896
31.600000 197896
31.700001 197896
31.799999 197864
31.900000 197864
32.000000 197864
32.099998 197864
32.200001 197864
32.299999 197864
32.400002 197864
32.500000 197864
32.599998 197864
32.700001 197864
32.799999 197864
32.900002 197864
33.000000 197864
33.099998 197864
33.200001 197864
33.299999 197864
33.400002 197864
33.500000 197864
33.599998 197864
33.700001 197896
33.799999 197896
33.900002 197896
34.000000 197896
34.099998 197896
34.200001 197896
34.299999 197896
34.400002 197896
34.500000 197896
34.599998 197896
34.700001 197896
34.799999 197896
34.900002 197896
35.000000 197896
35.099998 197896
35.200001 197896
35.299999 197896
35.400002 197896
35.500000 197896
35.599998 197896
35.700001 197896
35.799999 197864
35.900002 197864
36.000000 197864
36.099998 197864
36.200001 197864
36.299999 197864
36.400002 197864
36.500000 197896
36.599998 197896
36.700001 197896
36.799999 197896
36.900002 197896
37.000000 197896
37.099998 197896
37.200001 197896
37.299999 197896
37.400002 197896
37.500000 197896
37.599998 197896
37.700001 197856
37.799999 197856
37.900002 197856
38.000000 197856
38.099998 197856
38.200001 197856
38.299999 197856
38.400002 197856
38.500000 197856
38.599998 197856
38.700001 197856
38.799999 197856
38.900002 197856
39.000000 197856
39.099998 197856
39.200001 197856
39.299999 197856
39.400002 197856
39.500000 197856
39.599998 197856
39.700001 197856
39.799999 197888
39.900002 197888
40.000000 197888
40.099998 197888
40.200001 197888
40.299999 197888
40.400002 197888
40.500000 197888
40.599998 197888
40.700001 197888
40.799999 197888
40.900002 197888
41.000000 197888
41.099998 197888
41.200001 197888
41.299999 197888
41.400002 197888
41.500000 197888
41.599998 197888
41.700001 197856
41.799999 197856
41.900002 197856
42.000000 197856
42.099998 197856
42.200001 197856
42.299999 197856
42.400002 197856
42.500000 197856
42.599998 197856
42.700001 197888
42.799999 197888
42.900002 197888
43.000000 197888
43.099998 197888
43.200001 197888
43.299999 197888
43.400002 197888
43.500000 197888
43.599998 197888
43.700001 197888
43.799999 197856
43.900002 197856
44.000000 197856
44.099998 197856
44.200001 197856
44.299999 197856
44.400002 197856
44.500000 197856
44.599998 197856
44.700001 197856
44.799999 197856
44.900002 197856
45.000000 197856
45.099998 197856
45.200001 197856
45.299999 197856
45.400002 197856
45.500000 197856
45.599998 197856
45.700001 197824
45.799999 197888
45.900002 197888
46.000000 197888
46.099998 197888
46.200001 197888
46.299999 197888
46.400002 197888
46.500000 197888
46.599998 197888
46.700001 197888
46.799999 197888
46.900002 197888
47.000000 197888
47.099998 197888
47.200001 197888
47.299999 197888
47.400002 197888
47.500000 197888
47.599998 197888
47.700001 197888
47.799999 197856
47.900002 197856
48.000000 197856
48.099998 197856
48.200001 197856
48.299999 197856
48.400002 197856
48.500000 197856
48.599998 197856
48.700001 197856
48.799999 197852
48.900002 197852
49.000000 197916
49.099998 197916
49.200001 197916
49.299999 197916
49.400002 197916
49.500000 197916
49.599998 197916
49.700001 197884
49.799999 197884
49.900002 197884
50.000000 197884
50.099998 197884
50.200001 197884
50.299999 197884
50.400002 197884
50.500000 197884
50.599998 197884
50.700001 197884
50.799999 197884
50.900002 197884
51.000000 197884
51.099998 197884
51.200001 197884
51.299999 197884
51.400002 197884
51.500000 197884
51.599998 197884
51.700001 197884
51.799999 197852
51.900002 197852
52.000000 197852
52.099998 197884
52.200001 197884
52.299999 197884
52.400002 197884
52.500000 197876
52.599998 197876
52.700001 197876
52.799999 197876
52.900002 197876
53.000000 197876
53.099998 197876
53.200001 197876
53.299999 197876
53.400002 197876
53.500000 197876
53.599998 197876
53.700001 197844
53.799999 197844
53.900002 197844
54.000000 197844
54.099998 197844
54.200001 197844
54.299999 197844
54.400002 197844
54.500000 197844
54.599998 197844
54.700001 197844
54.799999 197844
54.900002 197844
55.000000 197844
55.099998 197844
55.200001 197844
55.299999 197844
55.400002 197844
55.500000 197844
55.599998 197844
55.700001 197844
55.799999 197876
55.900002 197876
56.000000 197876
56.099998 197876
56.200001 197876
56.299999 197876
56.400002 197876
56.500000 197876
56.599998 197876
56.700001 197876
56.799999 197876
56.900002 197876
57.000000 197876
57.099998 197876
57.200001 197876
57.299999 197876
57.400002 197876
57.500000 197876
57.599998 197876
57.700001 197844
57.799999 197844
57.900002 197844
58.000000 197844
58.099998 197844
58.200001 197844
58.299999 197844
58.400002 197876
58.500000 197876
58.599998 197876
58.700001 197876
58.799999 197876
58.900002 197876
59.000000 197876
59.099998 197876
59.200001 197876
59.299999 197876
59.400002 197876
59.500000 197876
59.599998 197876
59.700001 197876
59.799999 197844
59.900002 197844
60.000000 197844
60.099998 197844
60.200001 197844
60.299999 197844
60.400002 197844
60.500000 197844
60.599998 197844
60.700001 197844
60.799999 197844
60.900002 197844
61.000000 197844
61.099998 197844
61.200001 197844
61.299999 197844
61.400002 197844
61.500000 197844
61.599998 197844
61.700001 197876
61.799999 197876
61.900002 197876
62.000000 197876
62.099998 197876
62.200001 197876
62.299999 197876
62.400002 197876
62.500000 197876
62.599998 197876
62.700001 197876
62.799999 197876
62.900002 197876
63.000000 197876
63.099998 197876
63.200001 197876
63.299999 197876
63.400002 197876
63.500000 197876
63.599998 197876
63.700001 197876
63.799999 197844
63.900002 197844
64.000000 197844
64.099998 197844
64.199997 197844
64.300003 197844
64.400002 197844
64.500000 197844
64.599998 197844
64.699997 197876
64.800003 197876
64.900002 197876
65.000000 197876
65.099998 197876
65.199997 197876
65.300003 197876
65.400002 197876
65.500000 197876
65.599998 197876
65.699997 197844
65.800003 197844
65.900002 197844
66.000000 197844
66.099998 197844
66.199997 197844
66.300003 197844
66.400002 197844
66.500000 197844
66.599998 197844
66.699997 197844
66.800003 197844
66.900002 197844
67.000000 197844
67.099998 197844
67.199997 197844
67.300003 197844
67.400002 197844
67.500000 197844
67.599998 197844
67.699997 197844
67.800003 197876
67.900002 197876
68.000000 197876
68.099998 197876
68.199997 197876
68.300003 197876
68.400002 197876
68.500000 197876
68.599998 197876
68.699997 197876
68.800003 197876
68.900002 197876
69.000000 197876
69.099998 197876
69.199997 197876
69.300003 197876
69.400002 197876
69.500000 197876
69.599998 197876
69.699997 197844
69.800003 197844
69.900002 197844
70.000000 197844
70.099998 197844
70.199997 197844
70.300003 197844
70.400002 197844
70.500000 197844
70.599998 197844
70.699997 197844
70.800003 197844
70.900002 197844
71.000000 197908
71.099998 197908
71.199997 197908
71.300003 197908
71.400002 197908
71.500000 197908
71.599998 197908
71.699997 197908
71.800003 197876
71.900002 197876
72.000000 197876
72.099998 197876
72.199997 197876
72.300003 197876
72.400002 197876
72.500000 197876
72.599998 197876
72.699997 197876
72.800003 197876
72.900002 197876
73.000000 197876
73.099998 197876
73.199997 197876
73.300003 197876
73.400002 197876
73.500000 197876
73.599998 197876
73.699997 197840
73.800003 197840
73.900002 197840
74.000000 197840
74.099998 197872
74.199997 197872
74.300003 197872
74.400002 197872
74.500000 197872
74.599998 197872
74.699997 197872
74.800003 197872
74.900002 197872
75.000000 197872
75.099998 197872
75.199997 197872
75.300003 197872
75.400002 197872
75.500000 197872
75.599998 197872
75.699997 197872
75.800003 197840
75.900002 197840
76.000000 197840
76.099998 197840
76.199997 197840
76.300003 197840
76.400002 197840
76.500000 197840
76.599998 197840
76.699997 197840
76.800003 197840
76.900002 197840
77.000000 197840
77.099998 197840
77.199997 197840
77.300003 197840
77.400002 197840
77.500000 197840
77.599998 197840
77.699997 197872
77.800003 197872
77.900002 197872
78.000000 197872
78.099998 197872
78.199997 197872
78.300003 197872
78.400002 197872
78.500000 197872
78.599998 197872
78.699997 197872
78.800003 197872
78.900002 197872
79.000000 197872
79.099998 197872
79.199997 197872
79.300003 197872
79.400002 197872
79.500000 197872
79.599998 197872
79.699997 197872
79.800003 197832
79.900002 197832
80.000000 197832
80.099998 197832
80.199997 197832
80.300003 197832
80.400002 197864
80.500000 197864
80.599998 197864
80.699997 197864
80.800003 197864
80.900002 197864
81.000000 197864
81.099998 197864
81.199997 197864
81.300003 197864
81.400002 197864
81.500000 197864
81.599998 197864
81.699997 197832
81.800003 197832
81.900002 197832
82.000000 197832
82.099998 197832
82.199997 197832
82.300003 197832
82.400002 197832
82.500000 197832
82.599998 197832
82.699997 197832
82.800003 197832
82.900002 197832
83.000000 197832
83.099998 197832
83.199997 197832
83.300003 197832
83.400002 197832
83.500000 197832
83.599998 197832
83.699997 197832
83.800003 197864
83.900002 197864
84.000000 197864
84.099998 197864
84.199997 197864
84.300003 197864
84.400002 197864
84.500000 197864
84.599998 197864
84.699997 197864
84.800003 197864
84.900002 197864
85.000000 197864
85.099998 197864
85.199997 197864
85.300003 197864
85.400002 197864
85.500000 197864
85.599998 197864
85.699997 197832
85.800003 197832
85.900002 197832
86.000000 197832
86.099998 197832
86.199997 197832
86.300003 197832
86.400002 197832
86.500000 197832
86.599998 197832
86.699997 197864
86.800003 197864
86.900002 197864
87.000000 197864
87.099998 197864
87.199997 197864
87.300003 197864
87.400002 197864
87.500000 197864
87.599998 197864
87.699997 197864
87.800003 197832
87.900002 197832
88.000000 197832
88.099998 197832
88.199997 197832
88.300003 197832
88.400002 197832
88.500000 197832
88.599998 197832
88.699997 197832
88.800003 197832
88.900002 197832
89.000000 197832
89.099998 197832
89.199997 197832
89.300003 197832
89.400002 197832
89.500000 197832
89.599998 197832
89.699997 197856
89.800003 197856
89.900002 197856
90.000000 197856
90.099998 197856
90.199997 197856
90.300003 197856
90.400002 197856
90.500000 197856
90.599998 197856
90.699997 197856
90.800003 197856
90.900002 197856
91.000000 197856
91.099998 197856
91.199997 197856
91.300003 197856
91.400002 197856
91.500000 197856
91.599998 197856
91.699997 197856
91.800003 197824
91.900002 197824
92.000000 197824
92.099998 197824
92.199997 197824
92.300003 197824
92.400002 197824
92.500000 197824
92.599998 197824
92.699997 197824
92.800003 197824
92.900002 197888
93.000000 197888
93.099998 197888
93.199997 197888
93.300003 197888
93.400002 197888
93.500000 197888
93.599998 197888
93.699997 197856
93.800003 197856
93.900002 197856
94.000000 197856
94.099998 197856
94.199997 197856
94.300003 197856
94.400002 197856
94.500000 197856
94.599998 197856
94.699997 197856
94.800003 197856
94.900002 197856
95.000000 197856
95.099998 197856
95.199997 197856
95.300003 197856
95.400002 197856
95.500000 197856
95.599998 197856
95.699997 197856
95.800003 197824
95.900002 197824
96.000000 197856
96.099998 197856
96.199997 197856
96.300003 197856
96.400002 197856
96.500000 197856
96.599998 197856
96.699997 197856
96.800003 197856
96.900002 197856
97.000000 197856
97.099998 197856
97.199997 197856
97.300003 197856
97.400002 197856
97.500000 197856
97.599998 197856
97.699997 197820
97.800003 197820
97.900002 197820
98.000000 197820
98.099998 197820
98.199997 197820
98.300003 197820
98.400002 197820
98.500000 197820
98.599998 197820
98.699997 197820
98.800003 197820
98.900002 197820
99.000000 197788
99.099998 197788
99.199997 197852
99.300003 197852
99.400002 197852
99.500000 197852
99.599998 197852
99.699997 197852
99.800003 197852
99.900002 197852
100.000000 197852
100.099998 197852
100.199997 197852
100.300003 197852
100.400002 197852
100.500000 197852
100.599998 197852
100.699997 197852
100.800003 197852
100.900002 197852
101.000000 197820
101.099998 197820
101.199997 197820
101.300003 197820
101.400002 197820
101.500000 197820
101.599998 197820
101.699997 197820
101.800003 197820
101.900002 197820
102.000000 197820
102.099998 197820
102.199997 197820
102.300003 197820
102.400002 197820
102.500000 197820
102.599998 197820
102.699997 197820
102.800003 197852
102.900002 197844
103.000000 197812
103.099998 197812
103.199997 197812
103.300003 197812
103.400002 197812
103.500000 197812
103.599998 197812
103.699997 197812
103.800003 197812
103.900002 197812
104.000000 197812
104.099998 197812
104.199997 197812
104.300003 197812
104.400002 197812
104.500000 197812
104.599998 197812
104.699997 197812
104.800003 197812
104.900002 197812
105.000000 197780
105.099998 197780
105.199997 197780
105.300003 197780
105.400002 197844
105.500000 197844
105.599998 197844
105.699997 197844
105.800003 197844
105.900002 197844
106.000000 197844
106.099998 197844
106.199997 197844
106.300003 197844
106.400002 197844
106.500000 197844
106.599998 197844
106.699997 197844
106.800003 197844
106.900002 197844
107.000000 197812
107.099998 197812
107.199997 197812
107.300003 197812
107.400002 197812
107.500000 197812
107.599998 197812
107.699997 197812
107.800003 197812
107.900002 197812
108.000000 197812
108.099998 197812
108.199997 197812
108.300003 197812
108.400002 197812
108.500000 197812
108.599998 197812
108.699997 197844
108.800003 197844
108.900002 197844
109.000000 197812
109.099998 197812
109.199997 197812
109.300003 197812
109.400002 197812
109.500000 197812
109.599998 197812
109.699997 197812
109.800003 197812
109.900002 197812
110.000000 197812
110.099998 197812
110.199997 197812
110.300003 197812
110.400002 197812
110.500000 197812
110.599998 197812
110.699997 197812
110.800003 197812
110.900002 197812
111.000000 197780
111.099998 197780
111.199997 197780
111.300003 197780
111.400002 197780
111.500000 197780
111.599998 197780
111.699997 197844
111.800003 197844
111.900002 197844
112.000000 197844
112.099998 197844
112.199997 197844
112.300003 197844
112.400002 197844
112.500000 197844
112.599998 197844
112.699997 197844
112.800003 197844
112.900002 197844
113.000000 197812
113.099998 197812
113.199997 197812
113.300003 197812
113.400002 197812
113.500000 197812
113.599998 197812
113.699997 197812
113.800003 197812
113.900002 197812
114.000000 197812
114.099998 197812
114.199997 197812
114.300003 197812
114.400002 197812
114.500000 197812
114.599998 197812
114.699997 197812
114.800003 197812
114.900002 197876
115.000000 197844
115.099998 197844
115.199997 197844
115.300003 197844
115.400002 197844
115.500000 197844
115.599998 197844
115.699997 197844
115.800003 197844
115.900002 197844
116.000000 197844
116.099998 197844
116.199997 197844
116.300003 197844
116.400002 197844
116.500000 197844
116.599998 197844
116.699997 197844
116.800003 197844
116.900002 197844
117.000000 197812
117.099998 197812
117.199997 197812
117.300003 197812
117.400002 197812
117.500000 197812
117.599998 197812
117.699997 197812
117.800003 197812
117.900002 197812
118.000000 197812
118.099998 197812
118.199997 197812
118.300003 197812
118.400002 197812
118.500000 197812
118.599998 197812
118.699997 197812
118.800003 197844
118.900002 197844
119.000000 197812
119.099998 197812
119.199997 197812
119.300003 197812
119.400002 197812
119.500000 197812
119.599998 197812
119.699997 197812
119.800003 197812
119.900002 197812
120.000000 197812
