0.000000 197812
0.100000 197812
0.200000 197812
0.300000 197812
0.400000 197812
0.500000 197812
0.600000 197812
0.700000 197828
0.800000 197796
0.900000 197796
1.000000 197860
1.100000 197860
1.200000 197860
1.300000 197860
1.400000 197860
1.500000 197860
1.600000 197860
1.700000 197860
1.800000 197860
1.900000 197860
2.000000 197860
2.100000 197860
2.200000 197860
2.300000 197860
2.400000 197860
2.500000 197860
2.600000 197860
2.700000 197860
2.800000 197828
2.900000 197828
3.000000 197828
3.100000 197828
3.200000 197828
3.300000 197828
3.400000 197828
3.500000 197828
3.600000 197828
3.700000 197828
3.800000 197828
3.900000 197828
4.000000 197828
4.100000 197828
4.200000 197828
4.300000 197828
4.400000 197828
4.500000 197828
4.600000 197828
4.700000 197828
4.800000 197828
4.900000 197828
5.000000 197828
5.100000 197828
5.200000 197828
5.300000 197828
5.400000 197828
5.500000 197828
5.600000 197828
5.700000 197828
5.800000 197828
5.900000 197828
6.000000 197828
6.100000 197828
6.200000 197828
6.300000 197828
6.400000 197828
6.500000 197828
6.600000 197828
6.700000 197828
6.800000 197788
6.900000 197788
7.000000 197788
7.100000 197788
7.200000 197852
7.300000 197852
7.400000 197852
7.500000 197852
7.600000 197852
7.700000 197852
7.800000 197852
7.900000 197852
8.000000 197852
8.100000 197852
8.200000 197852
8.300000 197852
8.400000 197852
8.500000 197852
8.600000 197852
8.700000 197820
8.800000 197820
8.900000 197820
9.000000 197820
9.100000 197820
9.200000 197820
9.300000 197820
9.400000 197820
9.500000 197820
9.600000 197820
9.700000 197820
9.800000 197820
9.900000 197820
10.000000 197820
10.100000 197820
10.200000 197820
10.300000 197820
10.400000 197820
10.500000 197820
10.600000 197820
10.700000 197820
10.800000 197820
10.900000 197820
11.000000 197820
11.100000 197820
11.200000 197820
11.300000 197820
11.400000 197820
11.500000 197820
11.600000 197820
11.700000 197820
11.800000 197820
11.900000 197820
12.000000 197820
12.100000 197820
12.200000 197820
12.300000 197820
12.400000 197820
12.500000 197820
12.600000 197820
12.700000 197788
12.800000 197788
12.900000 197788
13.000000 197788
13.100000 197788
13.200000 197788
13.300000 197788
13.400000 197852
13.500000 197852
13.600000 197852
13.700000 197852
13.800000 197852
13.900000 197852
14.000000 197852
14.100000 197852
14.200000 197852
14.300000 197852
14.400000 197852
14.500000 197852
14.600000 197852
14.700000 197852
14.800000 197820
14.900000 197820
15.000000 197820
15.100000 197820
15.200000 197820
15.300000 197820
15.400000 197820
15.500000 197820
15.600000 197820
15.700000 197820
15.800000 197820
15.900000 197820
16.000000 197820
16.100000 197820
16.200001 197820
16.299999 197820
16.400000 197820
16.500000 197820
16.600000 197884
16.700001 197852
16.799999 197852
16.900000 197852
17.000000 197852
17.100000 197852
17.200001 197852
17.299999 197852
17.400000 197852
17.500000 197852
17.600000 197852
17.700001 197852
17.799999 197852
17.900000 197852
18.000000 197852
18.100000 197852
18.200001 197852
18.299999 197852
18.400000 197852
18.500000 197852
18.600000 197852
18.700001 197852
18.799999 197820
18.900000 197820
19.000000 197820
19.100000 197820
19.200001 197820
19.299999 197820
19.400000 197820
19.500000 197820
19.600000 197820
19.700001 197852
19.799999 197852
19.900000 197852
20.000000 197852
20.100000 197852
20.200001 197852
20.299999 197852
20.400000 197852
20.500000 197852
20.600000 197852
20.700001 197820
20.799999 197820
20.900000 197820
21.000000 197820
21.100000 197820
21.200001 197820
21.299999 197820
21.400000 197820
21.500000 197820
21.600000 197820
21.700001 197820
21.799999 197820
21.900000 197820
22.000000 197820
22.100000 197820
22.200001 197820
22.299999 197820
22.400000 197820
22.500000 197820
22.600000 197820
22.700001 197820
22.799999 197788
22.900000 197852
23.000000 197852
23.100000 197852
23.200001 197852
23.299999 197852
23.400000 197852
23.500000 197852
23.600000 197852
23.700001 197852
23.799999 197852
23.900000 197852
24.000000 197852
24.100000 197852
24.200001 197852
24.299999 197852
24.400000 197852
24.500000 197852
24.600000 197852
24.700001 197816
24.799999 197816
24.900000 197816
25.000000 197816
25.100000 197816
25.200001 197816
25.299999 197816
25.400000 197816
25.500000 197816
25.600000 197816
25.700001 197816
25.799999 197816
25.900000 197816
26.000000 197816
26.100000 197816
26.200001 197816
26.299999 197816
26.400000 197816
26.500000 197816
26.600000 197816
26.700001 197816
26.799999 197816
26.900000 197816
27.000000 197816
27.100000 197816
27.200001 197816
27.299999 197816
27.400000 197816
27.500000 197816
27.600000 197816
27.700001 197816
27.799999 197816
27.900000 197816
28.000000 197816
28.100000 197816
28.200001 197816
28.299999 197816
28.400000 197816
28.500000 197816
28.600000 197816
28.700001 197784
28.799999 197784
28.900000 197784
29.000000 197784
29.100000 197784
29.200001 197848
29.299999 197848
29.400000 197848
29.500000 197848
29.600000 197848
29.700001 197848
29.799999 197848
29.900000 197848
30.000000 197848
30.100000 197848
30.200001 197848
30.299999 197848
30.400000 197848
30.500000 197848
30.600000 197848
30.700001 197848
30.799999 197808
30.900000 197808
31.000000 197808
31.100000 197808
31.200001 197808
31.299999 197808
31.400000 197808
31.500000 197808
31.600000 197808
31.700001 197808
31.799999 197808
31.900000 197808
32.000000 197808
32.099998 197808
32.200001 197808
32.299999 197808
32.400002 197808
32.500000 197808
32.599998 197808
32.700001 197808
32.799999 197808
32.900002 197808
33.000000 197808
33.099998 197808
33.200001 197808
33.299999 197808
33.400002 197808
33.500000 197808
33.599998 197808
33.700001 197808
33.799999 197808
33.900002 197808
34.000000 197808
34.099998 197808
34.200001 197808
34.299999 197808
34.400002 197808
34.500000 197808
34.599998 197808
34.700001 197808
34.799999 197776
34.900002 197776
35.000000 197776
35.099998 197776
35.200001 197776
35.299999 197776
35.400002 197840
35.500000 197840
35.599998 197840
35.700001 197840
35.799999 197840
35.900002 197840
36.000000 197840
36.099998 197840
36.200001 197840
36.299999 197840
36.400002 197840
36.500000 197840
36.599998 197840
36.700001 197808
36.799999 197808
36.900002 197808
37.000000 197808
37.099998 197808
37.200001 197808
37.299999 197808
37.400002 197808
37.500000 197808
37.599998 197808
37.700001 197808
37.799999 197808
37.900002 197808
38.000000 197808
38.099998 197808
38.200001 197808
38.299999 197808
38.400002 197808
38.500000 197808
38.599998 197872
38.700001 197872
38.799999 197840
38.900002 197840
39.000000 197840
39.099998 197840
39.200001 197840
39.299999 197840
39.400002 197840
39.500000 197840
39.599998 197840
39.700001 197840
39.799999 197840
39.900002 197840
40.000000 197840
40.099998 197840
40.200001 197840
40.299999 197840
40.400002 197840
40.500000 197840
40.599998 197840
40.700001 197800
40.799999 197800
40.900002 197800
41.000000 197800
41.099998 197800
41.200001 197800
41.299999 197800
41.400002 197800
41.500000 197800
41.599998 197832
41.700001 197832
41.799999 197832
41.900002 197832
42.000000 197832
42.099998 197832
42.200001 197832
42.299999 197832
42.400002 197832
42.500000 197832
42.599998 197832
42.700001 197832
42.799999 197800
42.900002 197800
43.000000 197800
43.099998 197800
43.200001 197800
43.299999 197800
43.400002 197800
43.500000 197800
43.599998 197800
43.700001 197800
43.799999 197800
43.900002 197800
44.000000 197800
44.099998 197800
44.200001 197800
44.299999 197800
44.400002 197800
44.500000 197800
44.599998 197800
44.700001 197768
44.799999 197832
44.900002 197832
45.000000 197832
45.099998 197832
45.200001 197832
45.299999 197832
45.400002 197832
45.500000 197832
45.599998 197832
45.700001 197832
45.799999 197832
45.900002 197832
46.000000 197832
46.099998 197832
46.200001 197832
46.299999 197832
46.400002 197832
46.500000 197832
46.599998 197832
46.700001 197832
46.799999 197800
46.900002 197800
47.000000 197800
47.099998 197800
47.200001 197800
47.299999 197800
47.400002 197800
47.500000 197800
47.599998 197800
47.700001 197800
47.799999 197800
47.900002 197800
48.000000 197800
48.099998 197800
48.200001 197800
48.299999 197800
48.400002 197800
48.500000 197800
48.599998 197800
48.700001 197800
48.799999 197800
48.900002 197800
49.000000 197800
49.099998 197800
49.200001 197800
49.299999 197800
49.400002 197800
49.500000 197800
49.599998 197800
49.700001 197796
49.799999 197796
49.900002 197796
50.000000 197796
50.099998 197796
50.200001 197796
50.299999 197796
50.400002 197796
50.500000 197796
50.599998 197796
50.700001 197796
50.799999 197764
50.900002 197764
51.000000 197764
51.099998 197828
51.200001 197828
51.299999 197828
51.400002 197828
51.500000 197828
51.599998 197828
51.700001 197828
51.799999 197828
51.900002 197828
52.000000 197828
52.099998 197828
52.200001 197828
52.299999 197828
52.400002 197828
52.500000 197828
52.599998 197828
52.700001 197796
52.799999 197796
52.900002 197796
53.000000 197796
53.099998 197796
53.200001 197796
53.299999 197796
53.400002 197796
53.500000 197796
53.599998 197796
53.700001 197796
53.799999 197796
53.900002 197796
54.000000 197796
54.099998 197796
54.200001 197796
54.299999 197796
54.400002 197796
54.500000 197796
54.599998 197796
54.700001 197796
54.799999 197788
54.900002 197788
55.000000 197788
55.099998 197788
55.200001 197788
55.299999 197788
55.400002 197788
55.500000 197788
55.599998 197788
55.700001 197788
55.799999 197788
55.900002 197788
56.000000 197788
56.099998 197788
56.200001 197788
56.299999 197788
56.400002 197788
56.500000 197788
56.599998 197788
56.700001 197756
56.799999 197756
56.900002 197756
57.000000 197756
57.099998 197756
57.200001 197756
57.299999 197820
57.400002 197820
57.500000 197820
57.599998 197820
57.700001 197820
57.799999 197820
57.900002 197820
58.000000 197820
58.099998 197820
58.200001 197820
58.299999 197820
58.400002 197820
58.500000 197820
58.599998 197820
58.700001 197820
58.799999 197788
58.900002 197788
59.000000 197788
59.099998 197788
59.200001 197788
59.299999 197788
59.400002 197788
59.500000 197788
59.599998 197788
59.700001 197788
59.799999 197788
59.900002 197788
60.000000 197788
60.099998 197788
60.200001 197788
60.299999 197788
60.400002 197852
60.500000 197852
60.599998 197852
60.700001 197820
60.799999 197820
60.900002 197820
61.000000 197820
61.099998 197820
61.200001 197820
61.299999 197820
61.400002 197820
61.500000 197820
61.599998 197820
61.700001 197820
61.799999 197820
61.900002 197820
62.000000 197820
62.099998 197820
62.200001 197820
62.299999 197820
62.400002 197820
62.500000 197820
62.599998 197820
62.700001 197820
62.799999 197788
62.900002 197788
63.000000 197788
63.099998 197788
63.200001 197788
63.299999 197788
63.400002 197788
63.500000 197820
63.599998 197820
63.700001 197820
63.799999 197820
63.900002 197820
64.000000 197820
64.099998 197820
64.199997 197820
64.300003 197820
64.400002 197820
64.500000 197820
64.599998 197820
64.699997 197788
64.800003 197788
64.900002 197788
65.000000 197788
65.099998 197788
65.199997 197788
65.300003 197788
65.400002 197788
65.500000 197788
65.599998 197788
65.699997 197788
65.800003 197788
65.900002 197788
66.000000 197788
66.099998 197788
66.199997 197788
66.300003 197788
66.400002 197788
66.500000 197788
66.599998 197788
66.699997 197788
66.800003 197820
66.900002 197820
67.000000 197820
67.099998 197820
67.199997 197820
67.300003 197820
67.400002 197820
67.500000 197820
67.599998 197820
67.699997 197820
67.800003 197820
67.900002 197820
68.000000 197820
68.099998 197820
68.199997 197820
68.300003 197820
68.400002 197820
68.500000 197820
68.599998 197820
68.699997 197788
68.800003 197788
68.900002 197788
69.000000 197788
69.099998 197788
69.199997 197788
69.300003 197788
69.400002 197788
69.500000 197788
69.599998 197788
69.699997 197788
69.800003 197820
69.900002 197820
70.000000 197820
70.099998 197820
70.199997 197820
70.300003 197820
70.400002 197820
70.500000 197820
70.599998 197820
70.699997 197788
70.800003 197788
70.900002 197788
71.000000 197788
71.099998 197788
71.199997 197788
71.300003 197788
71.400002 197788
71.500000 197788
71.599998 197788
71.699997 197788
71.800003 197788
71.900002 197788
72.000000 197788
72.099998 197788
72.199997 197788
72.300003 197788
72.400002 197788
72.500000 197788
72.599998 197788
72.699997 197756
72.800003 197756
72.900002 197756
73.000000 197820
73.099998 197820
73.199997 197820
73.300003 197820
73.400002 197820
73.500000 197820
73.599998 197820
73.699997 197816
73.800003 197816
73.900002 197816
74.000000 197816
74.099998 197816
74.199997 197816
74.300003 197816
74.400002 197816
74.500000 197816
74.599998 197816
74.699997 197784
74.800003 197784
74.900002 197784
75.000000 197784
75.099998 197784
75.199997 197784
75.300003 197784
75.400002 197784
75.500000 197784
75.599998 197784
75.699997 197784
75.800003 197784
75.900002 197784
76.000000 197784
76.099998 197784
76.199997 197784
76.300003 197784
76.400002 197784
76.500000 197784
76.599998 197784
76.699997 197784
76.800003 197784
76.900002 197784
77.000000 197784
77.099998 197784
77.199997 197784
77.300003 197784
77.400002 197784
77.500000 197784
77.599998 197784
77.699997 197784
77.800003 197784
77.900002 197784
78.000000 197784
78.099998 197784
78.199997 197784
78.300003 197784
78.400002 197784
78.500000 197784
78.599998 197784
78.699997 197752
78.800003 197744
78.900002 197744
79.000000 197744
79.099998 197744
79.199997 197744
79.300003 197808
79.400002 197808
79.500000 197808
79.599998 197808
79.699997 197808
79.800003 197808
79.900002 197808
80.000000 197808
80.099998 197808
80.199997 197808
80.300003 197808
80.400002 197808
80.500000 197808
80.599998 197808
80.699997 197776
80.800003 197776
80.900002 197776
81.000000 197776
81.099998 197776
81.199997 197776
81.300003 197776
81.400002 197776
81.500000 197776
81.599998 197776
81.699997 197776
81.800003 197776
81.900002 197776
82.000000 197776
82.099998 197776
82.199997 197776
82.300003 197776
82.400002 197840
82.500000 197840
82.599998 197840
82.699997 197808
82.800003 197808
82.900002 197808
83.000000 197808
83.099998 197808
83.199997 197808
83.300003 197808
83.400002 197808
83.500000 197808
83.599998 197808
83.699997 197808
83.800003 197808
83.900002 197808
84.000000 197808
84.099998 197808
84.199997 197808
84.300003 197808
84.400002 197808
84.500000 197808
84.599998 197808
84.699997 197776
84.800003 197776
84.900002 197776
85.000000 197776
85.099998 197776
85.199997 197776
85.300003 197776
85.400002 197776
85.500000 197808
85.599998 197808
85.699997 197808
85.800003 197808
85.900002 197808
86.000000 197808
86.099998 197808
86.199997 197808
86.300003 197808
86.400002 197808
86.500000 197808
86.599998 197808
86.699997 197776
86.800003 197768
86.900002 197768
87.000000 197768
87.099998 197768
87.199997 197768
87.300003 197768
87.400002 197768
87.500000 197768
87.599998 197768
87.699997 197768
87.800003 197768
87.900002 197768
88.000000 197768
88.099998 197768
88.199997 197768
88.300003 197768
88.400002 197768
88.500000 197768
88.599998 197768
88.699997 197800
88.800003 197800
88.900002 197800
89.000000 197800
89.099998 197800
89.199997 197800
89.300003 197800
89.400002 197800
89.500000 197800
89.599998 197800
89.699997 197800
89.800003 197800
89.900002 197800
90.000000 197800
90.099998 197800
90.199997 197800
90.300003 197800
90.400002 197800
90.500000 197800
90.599998 197800
90.699997 197768
90.800003 197768
90.900002 197768
91.000000 197768
91.099998 197768
91.199997 197768
91.300003 197768
91.400002 197768
91.500000 197768
91.599998 197768
91.699997 197800
91.800003 197800
91.900002 197800
92.000000 197800
92.099998 197800
92.199997 197800
92.300003 197800
92.400002 197800
92.500000 197800
92.599998 197800
92.699997 197768
92.800003 197768
92.900002 197768
93.000000 197768
93.099998 197768
93.199997 197768
93.300003 197768
93.400002 197768
93.500000 197768
93.599998 197768
93.699997 197768
93.800003 197768
93.900002 197768
94.000000 197768
94.099998 197768
94.199997 197768
94.300003 197768
94.400002 197768
94.500000 197768
94.599998 197768
94.699997 197736
94.800003 197736
94.900002 197800
95.000000 197800
95.099998 197800
95.199997 197800
95.300003 197800
95.400002 197800
95.500000 197800
95.599998 197800
95.699997 197800
95.800003 197800
95.900002 197800
96.000000 197800
96.099998 197800
96.199997 197800
96.300003 197800
96.400002 197800
96.500000 197800
96.599998 197800
96.699997 197768
96.800003 197768
96.900002 197768
97.000000 197768
97.099998 197768
97.199997 197768
97.300003 197768
97.400002 197768
97.500000 197768
97.599998 197768
97.699997 197764
97.800003 197764
97.900002 197764
98.000000 197764
98.099998 197764
98.199997 197764
98.300003 197764
98.400002 197764
98.500000 197764
98.599998 197764
98.699997 197764
98.800003 197764
98.900002 197764
99.000000 197764
99.099998 197764
99.199997 197764
99.300003 197764
99.400002 197764
99.500000 197764
99.599998 197764
99.699997 197764
99.800003 197764
99.900002 197764
100.000000 197764
100.099998 197764
100.199997 197764
100.300003 197764
100.400002 197764
100.500000 197764
100.599998 197764
100.699997 197732
100.800003 197732
100.900002 197732
101.000000 197732
101.099998 197732
101.199997 197796
101.300003 197796
101.400002 197796
101.500000 197796
101.599998 197796
101.699997 197796
101.800003 197796
101.900002 197796
102.000000 197796
102.099998 197796
102.199997 197796
102.300003 197796
102.400002 197796
102.500000 197796
102.599998 197796
102.699997 197764
102.800003 197764
102.900002 197756
103.000000 197756
103.099998 197756
103.199997 197756
103.300003 197756
103.400002 197756
103.500000 197756
103.599998 197756
103.699997 197756
103.800003 197756
103.900002 197756
104.000000 197756
104.099998 197756
104.199997 197756
104.300003 197820
104.400002 197820
104.500000 197820
104.599998 197820
104.699997 197788
104.800003 197788
104.900002 197788
105.000000 197788
105.099998 197788
105.199997 197788
105.300003 197788
105.400002 197788
105.500000 197788
105.599998 197788
105.699997 197788
105.800003 197788
105.900002 197788
106.000000 197788
106.099998 197788
106.199997 197788
106.300003 197788
106.400002 197788
106.500000 197788
106.599998 197788
106.699997 197756
106.800003 197756
106.900002 197756
107.000000 197756
107.099998 197756
107.199997 197756
107.300003 197756
107.400002 197756
107.500000 197788
107.599998 197788
107.699997 197788
107.800003 197788
107.900002 197788
108.000000 197788
108.099998 197788
108.199997 197788
108.300003 197788
108.400002 197788
108.500000 197788
108.599998 197788
108.699997 197756
108.800003 197756
108.900002 197756
109.000000 197756
109.099998 197756
109.199997 197756
109.300003 197756
109.400002 197756
109.500000 197756
109.599998 197756
109.699997 197756
109.800003 197756
109.900002 197756
110.000000 197756
110.099998 197756
110.199997 197756
110.300003 197756
110.400002 197756
110.500000 197756
110.599998 197756
110.699997 197788
110.800003 197788
110.900002 197788
111.000000 197788
111.099998 197788
111.199997 197788
111.300003 197788
111.400002 197788
111.500000 197788
111.599998 197788
111.699997 197788
111.800003 197788
111.900002 197788
112.000000 197788
112.099998 197788
112.199997 197788
112.300003 197788
112.400002 197788
112.500000 197788
112.599998 197788
112.699997 197756
112.800003 197756
112.900002 197756
113.000000 197756
113.099998 197756
113.199997 197756
113.300003 197756
113.400002 197756
113.500000 197756
113.599998 197756
113.699997 197788
113.800003 197788
113.900002 197788
114.000000 197788
114.099998 197788
114.199997 197788
114.300003 197788
114.400002 197788
114.500000 197788
114.599998 197788
114.699997 197756
114.800003 197756
114.900002 197756
115.000000 197756
115.099998 197756
115.199997 197756
115.300003 197756
115.400002 197756
115.500000 197756
115.599998 197756
115.699997 197756
115.800003 197756
115.900002 197756
116.000000 197756
116.099998 197756
116.199997 197756
116.300003 197756
116.400002 197756
116.500000 197756
116.599998 197756
116.699997 197724
116.800003 197724
116.900002 197788
117.000000 197788
117.099998 197788
117.199997 197788
117.300003 197788
117.400002 197788
117.500000 197788
117.599998 197788
117.699997 197788
117.800003 197788
117.900002 197788
118.000000 197788
118.099998 197788
118.199997 197788
118.300003 197788
118.400002 197788
118.500000 197788
118.599998 197788
118.699997 197756
118.800003 197756
118.900002 197756
119.000000 197756
119.099998 197756
119.199997 197756
119.300003 197756
119.400002 197756
119.500000 197756
119.599998 197756
119.699997 197756
119.800003 197756
119.900002 197756
120.000000 197756
