0.000000 197756
0.100000 197756
0.200000 197756
0.300000 197756
0.400000 197756
0.500000 197756
0.600000 197756
0.700000 197772
0.800000 197772
0.900000 197772
1.000000 197772
1.100000 197772
1.200000 197772
1.300000 197772
1.400000 197772
1.500000 197772
1.600000 197772
1.700000 197772
1.800000 197772
1.900000 197772
2.000000 197772
2.100000 197772
2.200000 197772
2.300000 197772
2.400000 197772
2.500000 197772
2.600000 197772
2.700000 197740
2.800000 197740
2.900000 197804
3.000000 197804
3.100000 197804
3.200000 197804
3.300000 197804
3.400000 197804
3.500000 197804
3.600000 197804
3.700000 197804
3.800000 197804
3.900000 197804
4.000000 197804
4.100000 197804
4.200000 197804
4.300000 197804
4.400000 197804
4.500000 197804
4.600000 197804
4.700000 197772
4.800000 197772
4.900000 197772
5.000000 197772
5.100000 197772
5.200000 197772
5.300000 197772
5.400000 197772
5.500000 197772
5.600000 197772
5.700000 197772
5.800000 197772
5.900000 198024
6.000000 198088
6.100000 198088
6.200000 198088
6.300000 198088
6.400000 198088
6.500000 198088
6.600000 198088
6.700000 198048
6.800000 198048
6.900000 198048
7.000000 198048
7.100000 198048
7.200000 198048
7.300000 198048
7.400000 198048
7.500000 198048
7.600000 198048
7.700000 198048
7.800000 198048
7.900000 198048
8.000000 198048
8.100000 198048
8.200000 198048
8.300000 198048
8.400000 198048
8.500000 198048
8.600000 198048
8.700000 198016
8.800000 198016
8.900000 198016
9.000000 198016
9.100000 198016
9.200000 198048
9.300000 198048
9.400000 198048
9.500000 198048
9.600000 198048
9.700000 198048
9.800000 198048
9.900000 198048
10.000000 198048
10.100000 198048
10.200000 198048
10.300000 198048
10.400000 198048
10.500000 198048
10.600000 198048
10.700000 198016
10.800000 198016
10.900000 198016
11.000000 198016
11.100000 198016
11.200000 198016
11.300000 198016
11.400000 198016
11.500000 198016
11.600000 198016
11.700000 198016
11.800000 198016
11.900000 198016
12.000000 198016
12.100000 198016
12.200000 198016
12.300000 198016
12.400000 198016
12.500000 198016
12.600000 198016
12.700000 198048
12.800000 198048
12.900000 198048
13.000000 198048
13.100000 198048
13.200000 198048
13.300000 198048
13.400000 198048
13.500000 198048
13.600000 198048
13.700000 198048
13.800000 198048
13.900000 198048
14.000000 198048
14.100000 198048
14.200000 198048
14.300000 198048
14.400000 198048
14.500000 198048
14.600000 198048
14.700000 198016
14.800000 198016
14.900000 198016
15.000000 198016
15.100000 198016
15.200000 198016
15.300000 198016
15.400000 198016
15.500000 198048
15.600000 198048
15.700000 198048
15.800000 198048
15.900000 198048
16.000000 198048
16.100000 198048
16.200001 198048
16.299999 198048
16.400000 198048
16.500000 198048
16.600000 198048
16.700001 198016
16.799999 198016
16.900000 198016
17.000000 198016
17.100000 198016
17.200001 198016
17.299999 198016
17.400000 198016
17.500000 198016
17.600000 198016
17.700001 198016
17.799999 198016
17.900000 198016
18.000000 198016
18.100000 198016
18.200001 198016
18.299999 198016
18.400000 198016
18.500000 198016
18.600000 198016
18.700001 198048
18.799999 198048
18.900000 198048
19.000000 198048
19.100000 198048
19.200001 198048
19.299999 198048
19.400000 198048
19.500000 198048
19.600000 198048
19.700001 198048
19.799999 198048
19.900000 198048
20.000000 198048
20.100000 198048
20.200001 198048
20.299999 198048
20.400000 198048
20.500000 198048
20.600000 198048
20.700001 198016
20.799999 198016
20.900000 198016
21.000000 198016
21.100000 198016
21.200001 198016
21.299999 198016
21.400000 198016
21.500000 198016
21.600000 198016
21.700001 198048
21.799999 198048
21.900000 198048
22.000000 198048
22.100000 198048
22.200001 198048
22.299999 198048
22.400000 198048
22.500000 198048
22.600000 198048
22.700001 198016
22.799999 198016
22.900000 198016
23.000000 198016
23.100000 198016
23.200001 198016
23.299999 198016
23.400000 198016
23.500000 198016
23.600000 198016
23.700001 198016
23.799999 198016
23.900000 198016
24.000000 198016
24.100000 198016
24.200001 198016
24.299999 198016
24.400000 198016
24.500000 198016
24.600000 198016
24.700001 197980
24.799999 197980
24.900000 198044
25.000000 198044
25.100000 198044
25.200001 198044
25.299999 198044
25.400000 198044
25.500000 198044
25.600000 198044
25.700001 198044
25.799999 198044
25.900000 198044
26.000000 198044
26.100000 198044
26.200001 198044
26.299999 198044
26.400000 198044
26.500000 198044
26.600000 198044
26.700001 198012
26.799999 198012
26.900000 198012
27.000000 198012
27.100000 198012
27.200001 198012
27.299999 198012
27.400000 198012
27.500000 198012
27.600000 198012
27.700001 198012
27.799999 198012
27.900000 198076
28.000000 198076
28.100000 198076
28.200001 198076
28.299999 198076
28.400000 198076
28.500000 198076
28.600000 198076
28.700001 198044
28.799999 198044
28.900000 198044
29.000000 198044
29.100000 198044
29.200001 198044
29.299999 198044
29.400000 198044
29.500000 198044
29.600000 198044
29.700001 198044
29.799999 198036
29.900000 198036
30.000000 198036
30.100000 198036
30.200001 198036
30.299999 198036
30.400000 198036
30.500000 198036
30.600000 198036
30.700001 198004
30.799999 198004
30.900000 198004
31.000000 198004
31.100000 198036
31.200001 198036
31.299999 198036
31.400000 198036
31.500000 198036
31.600000 198036
31.700001 198036
31.799999 198036
31.900000 198036
32.000000 198036
32.099998 198036
32.200001 198036
32.299999 198036
32.400002 198036
32.500000 198036
32.599998 198036
32.700001 198004
32.799999 198004
32.900002 198004
33.000000 198004
33.099998 198004
33.200001 198004
33.299999 198004
33.400002 198004
33.500000 198004
33.599998 198004
33.700001 198004
33.799999 198004
33.900002 198004
34.000000 198004
34.099998 198004
34.200001 198004
34.299999 198004
34.400002 198004
34.500000 198004
34.599998 198004
34.700001 198036
34.799999 198036
34.900002 198036
35.000000 198036
35.099998 198036
35.200001 198036
35.299999 198036
35.400002 198036
35.500000 198036
35.599998 198036
35.700001 198036
35.799999 198036
35.900002 198036
36.000000 198036
36.099998 198036
36.200001 198036
36.299999 198036
36.400002 198036
36.500000 198036
36.599998 198036
36.700001 198004
36.799999 198004
36.900002 198004
37.000000 198004
37.099998 198004
37.200001 198004
37.299999 198036
37.400002 198036
37.500000 198036
37.599998 198036
37.700001 198036
37.799999 198036
37.900002 198036
38.000000 198036
38.099998 198036
38.200001 198036
38.299999 198036
38.400002 198036
38.500000 198036
38.599998 198036
38.700001 197996
38.799999 197996
38.900002 197996
39.000000 197996
39.099998 197996
39.200001 197996
39.299999 197996
39.400002 197996
39.500000 197996
39.599998 197996
39.700001 197996
39.799999 197996
39.900002 197996
40.000000 197996
40.099998 197996
40.200001 197996
40.299999 197996
40.400002 197996
40.500000 197996
40.599998 197996
40.700001 198028
40.799999 198028
40.900002 198028
41.000000 198028
41.099998 198028
41.200001 198028
41.299999 198028
41.400002 198028
41.500000 198028
41.599998 198028
41.700001 198028
41.799999 198028
41.900002 198028
42.000000 198028
42.099998 198028
42.200001 198028
42.299999 198028
42.400002 198028
42.500000 198028
42.599998 198028
42.700001 197996
42.799999 197996
42.900002 197996
43.000000 197996
43.099998 197996
43.200001 197996
43.299999 197996
43.400002 197996
43.500000 198028
43.599998 198028
43.700001 198028
43.799999 198028
43.900002 198028
44.000000 198028
44.099998 198028
44.200001 198028
44.299999 198028
44.400002 198028
44.500000 198028
44.599998 198028
44.700001 197996
44.799999 197996
44.900002 197996
45.000000 197996
45.099998 197996
45.200001 197996
45.299999 197996
45.400002 197996
45.500000 197996
45.599998 197996
45.700001 197996
45.799999 197996
45.900002 197996
46.000000 197996
46.099998 197996
46.200001 197996
46.299999 197996
46.400002 197996
46.500000 197996
46.599998 197996
46.700001 198028
46.799999 198028
46.900002 198028
47.000000 198028
47.099998 198028
47.200001 198028
47.299999 198028
47.400002 198028
47.500000 198028
47.599998 198028
47.700001 198028
47.799999 198028
47.900002 198028
48.000000 198028
48.099998 198028
48.200001 198028
48.299999 198028
48.400002 198028
48.500000 198028
48.599998 198028
48.700001 197996
48.799999 197996
48.900002 197996
49.000000 197996
49.099998 197996
49.200001 197996
49.299999 197996
49.400002 197996
49.500000 197996
49.599998 197996
49.700001 197992
49.799999 198056
49.900002 198056
50.000000 198056
50.099998 198056
50.200001 198056
50.299999 198056
50.400002 198056
50.500000 198056
50.599998 198056
50.700001 198024
50.799999 198024
50.900002 198024
51.000000 198024
51.099998 198024
51.200001 198024
51.299999 198024
51.400002 198024
51.500000 198024
51.599998 198024
51.700001 198024
51.799999 198024
51.900002 198024
52.000000 198024
52.099998 198024
52.200001 198024
52.299999 198024
52.400002 198024
52.500000 198024
52.599998 198024
52.700001 197992
52.799999 197992
52.900002 197992
53.000000 198024
53.099998 198024
53.200001 198024
53.299999 198024
53.400002 198024
53.500000 198024
53.599998 198024
53.700001 198024
53.799999 198024
53.900002 198024
54.000000 198024
54.099998 198024
54.200001 198024
54.299999 198024
54.400002 198024
54.500000 198024
54.599998 198024
54.700001 197992
54.799999 197984
54.900002 197984
55.000000 197984
55.099998 197984
55.200001 197984
55.299999 197984
55.400002 197984
55.500000 197984
55.599998 197984
55.700001 197984
55.799999 197984
55.900002 197984
56.000000 197984
56.099998 197984
56.200001 197984
56.299999 197984
56.400002 197984
56.500000 197984
56.599998 197984
56.700001 198016
56.799999 198016
56.900002 198016
57.000000 198016
57.099998 198016
57.200001 198016
57.299999 198016
57.400002 198016
57.500000 198016
57.599998 198016
57.700001 198016
57.799999 198016
57.900002 198016
58.000000 198016
58.099998 198016
58.200001 198016
58.299999 198016
58.400002 198016
58.500000 198016
58.599998 198016
58.700001 197984
58.799999 197984
58.900002 197984
59.000000 197984
59.099998 197984
59.200001 197984
59.299999 198016
59.400002 198016
59.500000 198016
59.599998 198016
59.700001 198016
59.799999 198016
59.900002 198016
60.000000 198016
60.099998 198016
60.200001 198016
60.299999 198016
60.400002 198016
60.500000 198016
60.599998 198016
60.700001 197984
60.799999 197984
60.900002 197984
61.000000 197984
61.099998 197984
61.200001 197984
61.299999 197984
61.400002 197984
61.500000 197984
61.599998 197984
61.700001 197984
61.799999 197984
61.900002 197984
62.000000 197984
62.099998 197984
62.200001 197984
62.299999 197984
62.400002 197984
62.500000 197984
62.599998 197984
62.700001 198016
62.799999 198016
62.900002 198016
63.000000 198016
63.099998 198016
63.200001 198016
63.299999 198016
63.400002 198016
63.500000 198016
63.599998 198016
63.700001 198016
63.799999 198016
63.900002 198016
64.000000 198016
64.099998 198016
64.199997 198016
64.300003 198016
64.400002 198016
64.500000 198016
64.599998 198016
64.699997 197984
64.800003 197984
64.900002 197984
65.000000 197984
65.099998 197984
65.199997 197984
65.300003 197984
65.400002 197984
65.500000 198016
65.599998 198016
65.699997 198016
65.800003 198016
65.900002 198016
66.000000 198016
66.099998 198016
66.199997 198016
66.300003 198016
66.400002 198016
66.500000 198016
66.599998 198016
66.699997 197984
66.800003 197984
66.900002 197984
67.000000 197984
67.099998 197984
67.199997 197984
67.300003 197984
67.400002 197984
67.500000 197984
67.599998 197984
67.699997 197984
67.800003 197984
67.900002 197984
68.000000 197984
68.099998 197984
68.199997 197984
68.300003 197984
68.400002 197984
68.500000 197984
68.599998 197984
68.699997 198016
68.800003 198016
68.900002 198016
69.000000 198016
69.099998 198016
69.199997 198016
69.300003 198016
69.400002 198016
69.500000 198016
69.599998 198016
69.699997 198016
69.800003 198016
69.900002 198016
70.000000 198016
70.099998 198016
70.199997 198016
70.300003 198016
70.400002 198016
70.500000 198016
70.599998 198016
70.699997 197984
70.800003 197984
70.900002 197984
71.000000 197984
71.099998 197984
71.199997 197984
71.300003 197984
71.400002 197984
71.500000 197984
71.599998 197984
71.699997 198048
71.800003 198048
71.900002 198048
72.000000 198048
72.099998 198048
72.199997 198048
72.300003 198048
72.400002 198048
72.500000 198048
72.599998 198048
72.699997 198016
72.800003 198016
72.900002 198016
73.000000 198016
73.099998 198016
73.199997 198016
73.300003 198016
73.400002 198016
73.500000 198016
73.599998 198016
73.699997 198012
73.800003 197980
73.900002 197980
74.000000 197980
74.099998 197980
74.199997 197980
74.300003 197980
74.400002 197980
74.500000 197980
74.599998 197980
74.699997 197980
74.800003 197980
74.900002 197980
75.000000 197980
75.099998 197980
75.199997 197980
75.300003 197980
75.400002 197980
75.500000 197980
75.599998 197980
75.699997 198012
75.800003 197980
75.900002 197980
76.000000 197980
76.099998 197980
76.199997 197980
76.300003 197980
76.400002 197980
76.500000 197980
76.599998 197980
76.699997 197980
76.800003 197980
76.900002 197980
77.000000 197980
77.099998 197980
77.199997 197980
77.300003 197980
77.400002 197980
77.500000 197980
77.599998 197980
77.699997 197980
77.800003 197948
77.900002 197948
78.000000 198012
78.099998 198012
78.199997 198012
78.300003 198012
78.400002 198012
78.500000 198012
78.599998 198012
78.699997 198012
78.800003 198012
78.900002 198012
79.000000 198012
79.099998 198012
79.199997 198012
79.300003 198012
79.400002 198012
79.500000 198012
79.599998 198012
79.699997 198004
79.800003 197972
79.900002 197972
80.000000 197972
80.099998 197972
80.199997 197972
80.300003 197972
80.400002 197972
80.500000 197972
80.599998 197972
80.699997 197972
80.800003 197972
80.900002 197972
81.000000 197972
81.099998 197972
81.199997 197972
81.300003 197972
81.400002 197972
81.500000 197972
81.599998 197972
81.699997 198004
81.800003 197972
81.900002 197972
82.000000 197972
82.099998 197972
82.199997 197972
82.300003 197972
82.400002 197972
82.500000 197972
82.599998 197972
82.699997 197972
82.800003 197972
82.900002 197972
83.000000 197972
83.099998 197972
83.199997 197972
83.300003 197972
83.400002 197972
83.500000 197972
83.599998 197972
83.699997 197972
83.800003 197940
83.900002 197940
84.000000 197940
84.099998 197940
84.199997 197940
84.300003 198004
84.400002 198004
84.500000 198004
84.599998 198004
84.699997 198004
84.800003 198004
84.900002 198004
85.000000 198004
85.099998 198004
85.199997 198004
85.300003 198004
85.400002 198004
85.500000 198004
85.599998 198004
85.699997 197996
85.800003 197964
85.900002 197964
86.000000 197964
86.099998 197964
86.199997 197964
86.300003 197964
86.400002 197964
86.500000 197964
86.599998 197964
86.699997 197964
86.800003 197964
86.900002 197964
87.000000 197964
87.099998 197964
87.199997 197964
87.300003 197964
87.400002 197964
87.500000 197964
87.599998 197964
87.699997 197996
87.800003 197964
87.900002 197964
88.000000 197964
88.099998 197964
88.199997 197964
88.300003 197964
88.400002 197964
88.500000 197964
88.599998 197964
88.699997 197964
88.800003 197964
88.900002 197964
89.000000 197964
89.099998 197964
89.199997 197964
89.300003 197964
89.400002 197964
89.500000 197964
89.599998 197964
89.699997 197964
89.800003 197932
89.900002 197932
90.000000 197932
90.099998 197932
90.199997 197932
90.300003 197932
90.400002 197932
90.500000 197932
90.599998 197996
90.699997 197996
90.800003 197996
90.900002 197996
91.000000 197996
91.099998 197996
91.199997 197996
91.300003 197996
91.400002 197996
91.500000 197996
91.599998 197996
91.699997 197996
91.800003 197964
91.900002 197964
92.000000 197964
92.099998 197964
92.199997 197964
92.300003 197964
92.400002 197964
92.500000 197964
92.599998 197964
92.699997 197964
92.800003 197964
92.900002 197964
93.000000 197964
93.099998 197964
93.199997 197964
93.300003 197964
93.400002 197964
93.500000 197964
93.599998 197964
93.699997 198028
93.800003 197996
93.900002 197996
94.000000 197996
94.099998 197996
94.199997 197996
94.300003 197996
94.400002 197996
94.500000 197996
94.599998 197996
94.699997 197996
94.800003 197996
94.900002 197996
95.000000 197996
95.099998 197996
95.199997 197996
95.300003 197996
95.400002 197996
95.500000 197996
95.599998 197996
95.699997 197996
95.800003 197964
95.900002 197964
96.000000 197964
96.099998 197964
96.199997 197964
96.300003 197964
96.400002 197964
96.500000 197964
96.599998 197964
96.699997 197964
96.800003 197964
96.900002 197964
97.000000 197964
97.099998 197964
97.199997 197964
97.300003 197964
97.400002 197964
97.500000 197964
97.599998 197964
97.699997 197992
97.800003 197960
97.900002 197960
98.000000 197960
98.099998 197960
98.199997 197960
98.300003 197960
98.400002 197960
98.500000 197960
98.599998 197960
98.699997 197960
98.800003 197960
98.900002 197960
99.000000 197960
99.099998 197960
99.199997 197960
99.300003 197960
99.400002 197960
99.500000 197960
99.599998 197960
99.699997 197960
99.800003 197928
99.900002 197928
100.000000 197992
100.099998 197992
100.199997 197992
100.300003 197992
100.400002 197992
100.500000 197992
100.599998 197992
100.699997 197992
100.800003 197992
100.900002 197992
101.000000 197992
101.099998 197992
101.199997 197992
101.300003 197992
101.400002 197992
101.500000 197992
101.599998 197992
101.699997 197992
101.800003 197960
101.900002 197960
102.000000 197960
102.099998 197960
102.199997 197960
102.300003 197960
102.400002 197960
102.500000 197960
102.599998 197960
102.699997 197960
102.800003 197960
102.900002 197960
103.000000 197960
103.099998 197960
103.199997 197960
103.300003 197960
103.400002 197960
103.500000 197960
103.599998 197960
103.699997 197984
103.800003 197952
103.900002 197952
104.000000 197952
104.099998 197952
104.199997 197952
104.300003 197952
104.400002 197952
104.500000 197952
104.599998 197952
104.699997 197952
104.800003 197952
104.900002 197952
105.000000 197952
105.099998 197952
105.199997 197952
105.300003 197952
105.400002 197952
105.500000 197952
105.599998 197952
105.699997 197920
105.800003 197920
105.900002 197920
106.000000 197920
106.099998 197920
106.199997 197984
106.300003 197984
106.400002 197984
106.500000 197984
106.599998 197984
106.699997 197984
106.800003 197984
106.900002 197984
107.000000 197984
107.099998 197984
107.199997 197984
107.300003 197984
107.400002 197984
107.500000 197984
107.599998 197984
107.699997 197952
107.800003 197952
107.900002 197952
108.000000 197952
108.099998 197952
108.199997 197952
108.300003 197952
108.400002 197952
108.500000 197952
108.599998 197952
108.699997 197952
108.800003 197952
108.900002 197952
109.000000 197952
109.099998 197952
109.199997 197952
109.300003 197952
109.400002 197952
109.500000 197952
109.599998 197952
109.699997 197952
109.800003 197952
109.900002 197952
110.000000 197952
110.099998 197952
110.199997 197952
110.300003 197952
110.400002 197952
110.500000 197952
110.599998 197952
110.699997 197952
110.800003 197952
110.900002 197952
111.000000 197952
111.099998 197952
111.199997 197952
111.300003 197952
111.400002 197952
111.500000 197952
111.599998 197952
111.699997 197920
111.800003 197920
111.900002 197920
112.000000 197920
112.099998 197920
112.199997 197920
112.300003 197920
112.400002 197920
112.500000 197984
112.599998 197984
112.699997 197984
112.800003 197984
112.900002 197984
113.000000 197984
113.099998 197984
113.199997 197984
113.300003 197984
113.400002 197984
113.500000 197984
113.599998 197984
113.699997 197952
113.800003 197952
113.900002 197952
114.000000 197952
114.099998 197952
114.199997 197952
114.300003 197952
114.400002 197952
114.500000 197952
114.599998 197952
114.699997 197952
114.800003 197952
114.900002 197952
115.000000 197952
115.099998 197952
115.199997 197952
115.300003 197952
115.400002 197952
115.500000 197952
115.599998 198016
115.699997 197984
115.800003 197984
115.900002 197984
116.000000 197984
116.099998 197984
116.199997 197984
116.300003 197984
116.400002 197984
116.500000 197984
116.599998 197984
116.699997 197984
116.800003 197984
116.900002 197984
117.000000 197984
117.099998 197984
117.199997 197984
117.300003 197984
117.400002 197984
117.500000 197984
117.599998 197984
117.699997 197952
117.800003 197952
117.900002 197952
118.000000 197952
118.099998 197952
118.199997 197952
118.300003 197952
118.400002 197952
118.500000 197952
118.599998 197952
118.699997 197952
118.800003 197952
118.900002 197952
119.000000 197952
119.099998 197952
119.199997 197952
119.300003 197952
119.400002 197952
119.500000 197952
119.599998 197952
119.699997 197952
119.800003 197952
119.900002 197952
120.000000 197952
