0.000000 197952
0.100000 197952
0.200000 197952
0.300000 197952
0.400000 197952
0.500000 197952
0.600000 197952
0.700000 197968
0.800000 197968
0.900000 197968
1.000000 197968
1.100000 197968
1.200000 197968
1.300000 197968
1.400000 197968
1.500000 197968
1.600000 197968
1.700000 198000
1.800000 198000
1.900000 198000
2.000000 198000
2.100000 198000
2.200000 198000
2.300000 198000
2.400000 198000
2.500000 198000
2.600000 198000
2.700000 198000
2.800000 198000
2.900000 198000
3.000000 198000
3.100000 198000
3.200000 198000
3.300000 198000
3.400000 198000
3.500000 198000
3.600000 198000
3.700000 197968
3.800000 197968
3.900000 197968
4.000000 197968
4.100000 197968
4.200000 197968
4.300000 197968
4.400000 197968
4.500000 197968
4.600000 197968
4.700000 197968
4.800000 197968
4.900000 197968
5.000000 197968
5.100000 197968
5.200000 197968
5.300000 197968
5.400000 197968
5.500000 197968
5.600000 197968
5.700000 197960
5.800000 197960
5.900000 197960
6.000000 197960
6.100000 197960
6.200000 197960
6.300000 197960
6.400000 197960
6.500000 197960
6.600000 197960
6.700000 197960
6.800000 197960
6.900000 197960
7.000000 197960
7.100000 197960
7.200000 197960
7.300000 197960
7.400000 197960
7.500000 197960
7.600000 197960
7.700000 197928
7.800000 197928
7.900000 197928
8.000000 197992
8.100000 197992
8.200000 197992
8.300000 197992
8.400000 197992
8.500000 197992
8.600000 197992
8.700000 197992
8.800000 197992
8.900000 197992
9.000000 197992
9.100000 197992
9.200000 197992
9.300000 197992
9.400000 197992
9.500000 197992
9.600000 197992
9.700000 197960
9.800000 197960
9.900000 197960
10.000000 197960
10.100000 197960
10.200000 197960
10.300000 197960
10.400000 197960
10.500000 197960
10.600000 197960
10.700000 197960
10.800000 197960
10.900000 197960
11.000000 197960
11.100000 197960
11.200000 197960
11.300000 197960
11.400000 197960
11.500000 197960
11.600000 197960
11.700000 197960
11.800000 197960
11.900000 197960
12.000000 197960
12.100000 197960
12.200000 197960
12.300000 197960
12.400000 197960
12.500000 197960
12.600000 197960
12.700000 197960
12.800000 197960
12.900000 197960
13.000000 197960
13.100000 197960
13.200000 197960
13.300000 197960
13.400000 197960
13.500000 197960
13.600000 197960
13.700000 197928
13.800000 197928
13.900000 197928
14.000000 197928
14.100000 197928
14.200000 197928
14.300000 197992
14.400000 197992
14.500000 197992
14.600000 197992
14.700000 197992
14.800000 197992
14.900000 197992
15.000000 197992
15.100000 197992
15.200000 197992
15.300000 197992
15.400000 197992
15.500000 197992
15.600000 197992
15.700000 197960
15.800000 197960
15.900000 197960
16.000000 197960
16.100000 197960
16.200001 197960
16.299999 197960
16.400000 197960
16.500000 197960
16.600000 197960
16.700001 197960
16.799999 197960
16.900000 197960
17.000000 197960
17.100000 197960
17.200001 197960
17.299999 197960
17.400000 198024
17.500000 198024
17.600000 198024
17.700001 197992
17.799999 197992
17.900000 197992
18.000000 197992
18.100000 197992
18.200001 197992
18.299999 197992
18.400000 197992
18.500000 197992
18.600000 197992
18.700001 197992
18.799999 197992
18.900000 197992
19.000000 197992
19.100000 197992
19.200001 197992
19.299999 197992
19.400000 197992
19.500000 197992
19.600000 197992
19.700001 197960
19.799999 197960
19.900000 197960
20.000000 197960
20.100000 197960
20.200001 197960
20.299999 197960
20.400000 197960
20.500000 197960
20.600000 197992
20.700001 197992
20.799999 197992
20.900000 197992
21.000000 197992
21.100000 197992
21.200001 197992
21.299999 197992
21.400000 197992
21.500000 197992
21.600000 197992
21.700001 197960
21.799999 197960
21.900000 197960
22.000000 197960
22.100000 197960
22.200001 197960
22.299999 197960
22.400000 197960
22.500000 197960
22.600000 197960
22.700001 197960
22.799999 197960
22.900000 197960
23.000000 197960
23.100000 197960
23.200001 197960
23.299999 197960
23.400000 197960
23.500000 197960
23.600000 197960
23.700001 197992
23.799999 197992
23.900000 197992
24.000000 197992
24.100000 197992
24.200001 197992
24.299999 197992
24.400000 197992
24.500000 197992
24.600000 197992
24.700001 197988
24.799999 197988
24.900000 197988
25.000000 197988
25.100000 197988
25.200001 197988
25.299999 197988
25.400000 197988
25.500000 197988
25.600000 197988
25.700001 197956
25.799999 197956
25.900000 197956
26.000000 197956
26.100000 197956
26.200001 197956
26.299999 197956
26.400000 197956
26.500000 197956
26.600000 197956
26.700001 197956
26.799999 197956
26.900000 197956
27.000000 197956
27.100000 197956
27.200001 197956
27.299999 197956
27.400000 197956
27.500000 197956
27.600000 197956
27.700001 197956
27.799999 197956
27.900000 197956
28.000000 197956
28.100000 197956
28.200001 197956
28.299999 197956
28.400000 197956
28.500000 197956
28.600000 197956
28.700001 197956
28.799999 197956
28.900000 197956
29.000000 197956
29.100000 197956
29.200001 197956
29.299999 197956
29.400000 197956
29.500000 197956
29.600000 197956
29.700001 197924
29.799999 197916
29.900000 197980
30.000000 197980
30.100000 197980
30.200001 197980
30.299999 197980
30.400000 197980
30.500000 197980
30.600000 197980
30.700001 197980
30.799999 197980
30.900000 197980
31.000000 197980
31.100000 197980
31.200001 197980
31.299999 197980
31.400000 197980
31.500000 197980
31.600000 197980
31.700001 197948
31.799999 197948
31.900000 197948
32.000000 197948
32.099998 197948
32.200001 197948
32.299999 197948
32.400002 197948
32.500000 197948
32.599998 197948
32.700001 197948
32.799999 197948
32.900002 197948
33.000000 197948
33.099998 197948
33.200001 197948
33.299999 197948
33.400002 197948
33.500000 197948
33.599998 197948
33.700001 197948
33.799999 197948
33.900002 197948
34.000000 197948
34.099998 197948
34.200001 197948
34.299999 197948
34.400002 197948
34.500000 197948
34.599998 197948
34.700001 197948
34.799999 197948
34.900002 197948
35.000000 197948
35.099998 197948
35.200001 197948
35.299999 197948
35.400002 197948
35.500000 197948
35.599998 197948
35.700001 197916
35.799999 197916
35.900002 197916
36.000000 197916
36.099998 197916
36.200001 197980
36.299999 197980
36.400002 197980
36.500000 197980
36.599998 197980
36.700001 197972
36.799999 197972
36.900002 197972
37.000000 197972
37.099998 197972
37.200001 197972
37.299999 197972
37.400002 197972
37.500000 197940
37.599998 197940
37.700001 197940
37.799999 197940
37.900002 197940
38.000000 197940
38.099998 197940
38.200001 197940
38.299999 197940
38.400002 197940
38.500000 197940
38.599998 197940
38.700001 197940
38.799999 197940
38.900002 197940
39.000000 197940
39.099998 197940
39.200001 197940
39.299999 197940
39.400002 198004
39.500000 197972
39.599998 197972
39.700001 197972
39.799999 197972
39.900002 197972
40.000000 197972
40.099998 197972
40.200001 197972
40.299999 197972
40.400002 197972
40.500000 197972
40.599998 197972
40.700001 197972
40.799999 197972
40.900002 197972
41.000000 197972
41.099998 197972
41.200001 197972
41.299999 197972
41.400002 197972
41.500000 197940
41.599998 197940
41.700001 197940
41.799999 197940
41.900002 197940
42.000000 197940
42.099998 197940
42.200001 197940
42.299999 197940
42.400002 197940
42.500000 197940
42.599998 197940
42.700001 197972
42.799999 197972
42.900002 197972
43.000000 197972
43.099998 197972
43.200001 197972
43.299999 197972
43.400002 197940
43.500000 197940
43.599998 197940
43.700001 197940
43.799999 197940
43.900002 197940
44.000000 197940
44.099998 197940
44.200001 197940
44.299999 197940
44.400002 197940
44.500000 197940
44.599998 197940
44.700001 197940
44.799999 197940
44.900002 197940
45.000000 197940
45.099998 197940
45.200001 197940
45.299999 197940
45.400002 197940
45.500000 197908
45.599998 197972
45.700001 197972
45.799999 197972
45.900002 197972
46.000000 197972
46.099998 197972
46.200001 197972
46.299999 197972
46.400002 197972
46.500000 197972
46.599998 197972
46.700001 197972
46.799999 197972
46.900002 197972
47.000000 197972
47.099998 197972
47.200001 197972
47.299999 197972
47.400002 197972
47.500000 197940
47.599998 197940
47.700001 197940
47.799999 197940
47.900002 197940
48.000000 197940
48.099998 197940
48.200001 197940
48.299999 197940
48.400002 197940
48.500000 197940
48.599998 197940
48.700001 197940
48.799999 197972
48.900002 197972
49.000000 197972
49.099998 197972
49.200001 197972
49.299999 197972
49.400002 197972
49.500000 197940
49.599998 197940
49.700001 197936
49.799999 197936
49.900002 197936
50.000000 197936
50.099998 197936
50.200001 197936
50.299999 197936
50.400002 197936
50.500000 197936
50.599998 197936
50.700001 197936
50.799999 197936
50.900002 197936
51.000000 197936
51.099998 197936
51.200001 197936
51.299999 197936
51.400002 197936
51.500000 197904
51.599998 197904
51.700001 197904
51.799999 197904
51.900002 197968
52.000000 197968
52.099998 197968
52.200001 197968
52.299999 197968
52.400002 197968
52.500000 197968
52.599998 197968
52.700001 197968
52.799999 197968
52.900002 197968
53.000000 197968
53.099998 197968
53.200001 197968
53.299999 197968
53.400002 197936
53.500000 197936
53.599998 197936
53.700001 197936
53.799999 197936
53.900002 197936
54.000000 197936
54.099998 197936
54.200001 197936
54.299999 197936
54.400002 197936
54.500000 197936
54.599998 197936
54.700001 197936
54.799999 197936
54.900002 197928
55.000000 197928
55.099998 197960
55.200001 197960
55.299999 197960
55.400002 197960
55.500000 197928
55.599998 197928
55.700001 197928
55.799999 197928
55.900002 197928
56.000000 197928
56.099998 197928
56.200001 197928
56.299999 197928
56.400002 197928
56.500000 197928
56.599998 197928
56.700001 197928
56.799999 197928
56.900002 197928
57.000000 197928
57.099998 197928
57.200001 197928
57.299999 197928
57.400002 197896
57.500000 197896
57.599998 197896
57.700001 197896
57.799999 197896
57.900002 197896
58.000000 197896
58.099998 197896
58.200001 197960
58.299999 197960
58.400002 197960
58.500000 197960
58.599998 197960
58.700001 197960
58.799999 197960
58.900002 197960
59.000000 197960
59.099998 197960
59.200001 197960
59.299999 197960
59.400002 197960
59.500000 197928
59.599998 197928
59.700001 197928
59.799999 197928
59.900002 197928
60.000000 197928
60.099998 197928
60.200001 197928
60.299999 197928
60.400002 197928
60.500000 197928
60.599998 197928
60.700001 197928
60.799999 197928
60.900002 197928
61.000000 197928
61.099998 197928
61.200001 197928
61.299999 197928
61.400002 197960
61.500000 197960
61.599998 197960
61.700001 197960
61.799999 197960
61.900002 197960
62.000000 197960
62.099998 197960
62.200001 197960
62.299999 197960
62.400002 197960
62.500000 197960
62.599998 197960
62.700001 197960
62.799999 197960
62.900002 197960
63.000000 197960
63.099998 197960
63.200001 197960
63.299999 197960
63.400002 197960
63.500000 197928
63.599998 197928
63.700001 197928
63.799999 197928
63.900002 197928
64.000000 197928
64.099998 197928
64.199997 197928
64.300003 197928
64.400002 197928
64.500000 197928
64.599998 197928
64.699997 197960
64.800003 197960
64.900002 197960
65.000000 197960
65.099998 197960
65.199997 197960
65.300003 197960
65.400002 197928
65.500000 197928
65.599998 197928
65.699997 197928
65.800003 197928
65.900002 197928
66.000000 197928
66.099998 197928
66.199997 197928
66.300003 197928
66.400002 197928
66.500000 197928
66.599998 197928
66.699997 197928
66.800003 197928
66.900002 197928
67.000000 197928
67.099998 197928
67.199997 197928
67.300003 197928
67.400002 197896
67.500000 197896
67.599998 197960
67.699997 197960
67.800003 197960
67.900002 197960
68.000000 197960
68.099998 197960
68.199997 197960
68.300003 197960
68.400002 197960
68.500000 197960
68.599998 197960
68.699997 197960
68.800003 197960
68.900002 197960
69.000000 197960
69.099998 197960
69.199997 197960
69.300003 197960
69.400002 197960
69.500000 197928
69.599998 197928
69.699997 197928
69.800003 197928
69.900002 197928
70.000000 197928
70.099998 197928
70.199997 197928
70.300003 197928
70.400002 197928
70.500000 197928
70.599998 197928
70.699997 197928
70.800003 197960
70.900002 197960
71.000000 197960
71.099998 197960
71.199997 197960
71.300003 197960
71.400002 197960
71.500000 197928
71.599998 197928
71.699997 197928
71.800003 197928
71.900002 197928
72.000000 197928
72.099998 197928
72.199997 197928
72.300003 197928
72.400002 197928
72.500000 197928
72.599998 197928
72.699997 197928
72.800003 197928
72.900002 197928
73.000000 197928
73.099998 197928
73.199997 197928
73.300003 197928
73.400002 197896
73.500000 197896
73.599998 197896
73.699997 197892
73.800003 197892
73.900002 197956
74.000000 197956
74.099998 197956
74.199997 197956
74.300003 197956
74.400002 197956
74.500000 197956
74.599998 197956
74.699997 197956
74.800003 197956
74.900002 197956
75.000000 197956
75.099998 197956
75.199997 197956
75.300003 197956
75.400002 197956
75.500000 197924
75.599998 197924
75.699997 197924
75.800003 197924
75.900002 197924
76.000000 197924
76.099998 197924
76.199997 197924
76.300003 197924
76.400002 197924
76.500000 197924
76.599998 197924
76.699997 197924
76.800003 197924
76.900002 197924
77.000000 197956
77.099998 197956
77.199997 197956
77.300003 197956
77.400002 197924
77.500000 197924
77.599998 197924
77.699997 197924
77.800003 197924
77.900002 197924
78.000000 197924
78.099998 197924
78.199997 197924
78.300003 197924
78.400002 197924
78.500000 197924
78.599998 197924
78.699997 197924
78.800003 197924
78.900002 197916
79.000000 197916
79.099998 197916
79.199997 197916
79.300003 197916
79.400002 197884
79.500000 197884
79.599998 197884
79.699997 197884
79.800003 197884
79.900002 197884
80.000000 197884
80.099998 197948
80.199997 197948
80.300003 197948
80.400002 197948
80.500000 197948
80.599998 197948
80.699997 197948
80.800003 197948
80.900002 197948
81.000000 197948
81.099998 197948
81.199997 197948
81.300003 197948
81.400002 197916
81.500000 197916
81.599998 197916
81.699997 197916
81.800003 197916
81.900002 197916
82.000000 197916
82.099998 197916
82.199997 197916
82.300003 197916
82.400002 197916
82.500000 197916
82.599998 197916
82.699997 197916
82.800003 197916
82.900002 197916
83.000000 197916
83.099998 197916
83.199997 197916
83.300003 197980
83.400002 197948
83.500000 197948
83.599998 197948
83.699997 197948
83.800003 197948
83.900002 197948
84.000000 197948
84.099998 197948
84.199997 197948
84.300003 197948
84.400002 197948
84.500000 197948
84.599998 197948
84.699997 197948
84.800003 197948
84.900002 197948
85.000000 197948
85.099998 197948
85.199997 197948
85.300003 197948
85.400002 197916
85.500000 197916
85.599998 197916
85.699997 197916
85.800003 197916
85.900002 197916
86.000000 197916
86.099998 197916
86.199997 197916
86.300003 197916
86.400002 197916
86.500000 197916
86.599998 197916
86.699997 197948
86.800003 197948
86.900002 197948
87.000000 197948
87.099998 197948
87.199997 197948
87.300003 197916
87.400002 197916
87.500000 197916
87.599998 197916
87.699997 197916
87.800003 197916
87.900002 197916
88.000000 197916
88.099998 197916
88.199997 197916
88.300003 197916
88.400002 197916
88.500000 197916
88.599998 197916
88.699997 197916
88.800003 197916
88.900002 197908
89.000000 197908
89.099998 197908
89.199997 197908
89.300003 197876
89.400002 197940
89.500000 197940
89.599998 197940
89.699997 197940
89.800003 197940
89.900002 197940
90.000000 197940
90.099998 197940
90.199997 197940
90.300003 197940
90.400002 197940
90.500000 197940
90.599998 197940
90.699997 197940
90.800003 197940
90.900002 197940
91.000000 197940
91.099998 197940
91.199997 197940
91.300003 197908
91.400002 197908
91.500000 197908
91.599998 197908
91.699997 197908
91.800003 197908
91.900002 197908
92.000000 197908
92.099998 197908
92.199997 197908
92.300003 197908
92.400002 197908
92.500000 197908
92.599998 197908
92.699997 197940
92.800003 197940
92.900002 197940
93.000000 197940
93.099998 197940
93.199997 197940
93.300003 197908
93.400002 197908
93.500000 197908
93.599998 197908
93.699997 197908
93.800003 197908
93.900002 197908
94.000000 197908
94.099998 197908
94.199997 197908
94.300003 197908
94.400002 197908
94.500000 197908
94.599998 197908
94.699997 197908
94.800003 197908
94.900002 197908
95.000000 197908
95.099998 197908
95.199997 197908
95.300003 197876
95.400002 197876
95.500000 197876
95.599998 197876
95.699997 197940
95.800003 197940
95.900002 197940
96.000000 197940
96.099998 197940
96.199997 197940
96.300003 197940
96.400002 197940
96.500000 197940
96.599998 197940
96.699997 197940
96.800003 197940
96.900002 197940
97.000000 197940
97.099998 197940
97.199997 197940
97.300003 197908
97.400002 197908
97.500000 197908
97.599998 197908
97.699997 197904
97.800003 197904
97.900002 197904
98.000000 197904
98.099998 197904
98.199997 197904
98.300003 197904
98.400002 197904
98.500000 197904
98.599998 197904
98.699997 197904
98.800003 197904
98.900002 197936
99.000000 197936
99.099998 197936
99.199997 197936
99.300003 197904
99.400002 197904
99.500000 197904
99.599998 197904
99.699997 197904
99.800003 197904
99.900002 197904
100.000000 197904
100.099998 197904
100.199997 197904
100.300003 197904
100.400002 197904
100.500000 197904
100.599998 197904
100.699997 197904
100.800003 197904
100.900002 197904
101.000000 197904
101.099998 197904
101.199997 197904
101.300003 197872
101.400002 197872
101.500000 197872
101.599998 197872
101.699997 197872
101.800003 197872
101.900002 197872
102.000000 197936
102.099998 197936
102.199997 197936
102.300003 197936
102.400002 197936
102.500000 197936
102.599998 197936
102.699997 197936
102.800003 197928
102.900002 197928
103.000000 197928
103.099998 197928
103.199997 197928
103.300003 197896
103.400002 197896
103.500000 197896
103.599998 197896
103.699997 197896
103.800003 197896
103.900002 197896
104.000000 197896
104.099998 197896
104.199997 197896
104.300003 197896
104.400002 197896
104.500000 197896
104.599998 197896
104.699997 197896
104.800003 197896
104.900002 197896
105.000000 197896
105.099998 197896
105.199997 197960
105.300003 197928
105.400002 197928
105.500000 197928
105.599998 197928
105.699997 197928
105.800003 197928
105.900002 197928
106.000000 197928
106.099998 197928
106.199997 197928
106.300003 197928
106.400002 197928
106.500000 197928
106.599998 197928
106.699997 197928
106.800003 197928
106.900002 197928
107.000000 197928
107.099998 197928
107.199997 197928
107.300003 197896
107.400002 197896
107.500000 197896
107.599998 197896
107.699997 197896
107.800003 197896
107.900002 197896
108.000000 197896
108.099998 197896
108.199997 197896
108.300003 197896
108.400002 197896
108.500000 197896
108.599998 197896
108.699997 197928
108.800003 197928
108.900002 197928
109.000000 197928
109.099998 197928
109.199997 197928
109.300003 197896
109.400002 197896
109.500000 197896
109.599998 197896
109.699997 197896
109.800003 197896
109.900002 197896
110.000000 197896
110.099998 197896
110.199997 197896
110.300003 197896
110.400002 197896
110.500000 197896
110.599998 197896
110.699997 197896
110.800003 197896
110.900002 197896
111.000000 197896
111.099998 197896
111.199997 197896
111.300003 197864
111.400002 197928
111.500000 197928
111.599998 197928
111.699997 197928
111.800003 197928
111.900002 197928
112.000000 197928
112.099998 197928
112.199997 197928
112.300003 197928
112.400002 197928
112.500000 197928
112.599998 197928
112.699997 197928
112.800003 197928
112.900002 197928
113.000000 197928
113.099998 197928
113.199997 197928
113.300003 197928
113.400002 197928
113.500000 197928
113.599998 197928
113.699997 197896
113.800003 197896
113.900002 197896
114.000000 197896
114.099998 197896
114.199997 197896
114.300003 197896
114.400002 197896
114.500000 197896
114.599998 197928
114.699997 197928
114.800003 197928
114.900002 197928
115.000000 197928
115.099998 197928
115.199997 197928
115.300003 197928
115.400002 197928
115.500000 197928
115.599998 197928
115.699997 197896
115.800003 197896
115.900002 197896
116.000000 197896
116.099998 197896
116.199997 197896
116.300003 197896
116.400002 197896
116.500000 197896
116.599998 197896
116.699997 197896
116.800003 197896
116.900002 197896
117.000000 197896
117.099998 197896
117.199997 197896
117.300003 197896
117.400002 197896
117.500000 197896
117.599998 197896
117.699997 197928
117.800003 197928
117.900002 197928
118.000000 197928
118.099998 197928
118.199997 197928
118.300003 197928
118.400002 197928
118.500000 197928
118.599998 197928
118.699997 197928
118.800003 197928
118.900002 197928
119.000000 197928
119.099998 197928
119.199997 197928
119.300003 197928
119.400002 197928
119.500000 197928
119.599998 197928
119.699997 197896
119.800003 197896
119.900002 197896
120.000000 197896
