0.000000 197896
0.100000 197896
0.200000 197896
0.300000 197896
0.400000 197896
0.500000 197896
0.600000 197896
0.700000 197944
0.800000 197944
0.900000 197944
1.000000 197944
1.100000 197944
1.200000 197944
1.300000 197944
1.400000 197944
1.500000 197944
1.600000 197944
1.700000 197912
1.800000 197912
1.900000 197912
2.000000 197912
2.100000 197912
2.200000 197912
2.300000 197912
2.400000 197912
2.500000 197912
2.600000 197912
2.700000 197912
2.800000 197912
2.900000 197912
3.000000 197912
3.100000 197912
3.200000 197912
3.300000 197912
3.400000 197912
3.500000 197912
3.600000 197912
3.700000 197880
3.800000 197944
3.900000 197944
4.000000 197944
4.100000 197944
4.200000 197944
4.300000 197944
4.400000 197944
4.500000 197944
4.600000 197944
4.700000 197944
4.800000 197944
4.900000 197944
5.000000 197944
5.100000 197944
5.200000 197944
5.300000 197944
5.400000 197944
5.500000 197944
5.600000 197944
5.700000 197912
5.800000 197904
5.900000 197904
6.000000 197968
6.100000 197936
6.200000 197936
6.300000 197936
6.400000 197936
6.500000 197936
6.600000 197936
6.700000 197936
6.800000 197936
6.900000 197936
7.000000 197936
7.100000 197936
7.200000 197936
7.300000 197936
7.400000 197936
7.500000 197936
7.600000 197936
7.700000 197936
7.800000 197936
7.900000 197936
8.000000 197936
8.100000 197904
8.200000 197904
8.300000 197904
8.400000 197904
8.500000 197904
8.600000 197904
8.700000 197904
8.800000 197904
8.900000 197904
9.000000 197904
9.100000 197904
9.200000 197904
9.300000 197904
9.400000 197904
9.500000 197904
9.600000 197904
9.700000 197936
9.800000 197936
9.900000 197936
10.000000 197936
10.100000 197904
10.200000 197904
10.300000 197904
10.400000 197904
10.500000 197904
10.600000 197904
10.700000 197904
10.800000 197904
10.900000 197904
11.000000 197904
11.100000 197904
11.200000 197904
11.300000 197904
11.400000 197904
11.500000 197904
11.600000 197904
11.700000 197904
11.800000 197904
11.900000 197904
12.000000 197872
12.100000 197872
12.200000 197936
12.300000 197936
12.400000 197936
12.500000 197936
12.600000 197936
12.700000 197936
12.800000 197936
12.900000 197936
13.000000 197936
13.100000 197936
13.200000 197936
13.300000 197936
13.400000 197936
13.500000 197936
13.600000 197936
13.700000 197936
13.800000 197936
13.900000 197936
14.000000 197904
14.100000 197904
14.200000 197904
14.300000 197904
14.400000 197904
14.500000 197904
14.600000 197904
14.700000 197904
14.800000 197904
14.900000 197904
15.000000 197904
15.100000 197904
15.200000 197904
15.300000 197904
15.400000 197904
15.500000 197904
15.600000 197904
15.700000 197936
15.800000 197936
15.900000 197936
16.000000 197936
16.100000 197904
16.200001 197904
16.299999 197904
16.400000 197904
16.500000 197904
16.600000 197904
16.700001 197904
16.799999 197904
16.900000 197904
17.000000 197904
17.100000 197904
17.200001 197904
17.299999 197904
17.400000 197904
17.500000 197904
17.600000 197904
17.700001 197904
17.799999 197904
17.900000 197904
18.000000 197872
18.100000 197872
18.200001 197872
18.299999 197872
18.400000 197872
18.500000 197936
18.600000 197936
18.700001 197936
18.799999 197936
18.900000 197936
19.000000 197936
19.100000 197936
19.200001 197936
19.299999 197936
19.400000 197936
19.500000 197936
19.600000 197936
19.700001 197936
19.799999 197936
19.900000 197936
20.000000 197904
20.100000 197904
20.200001 197904
20.299999 197904
20.400000 197904
20.500000 197904
20.600000 197904
20.700001 197904
20.799999 197904
20.900000 197904
21.000000 197904
21.100000 197904
21.200001 197904
21.299999 197904
21.400000 197904
21.500000 197904
21.600000 197904
21.700001 197936
21.799999 197936
21.900000 197936
22.000000 197904
22.100000 197904
22.200001 197904
22.299999 197904
22.400000 197904
22.500000 197904
22.600000 197904
22.700001 197904
22.799999 197904
22.900000 197904
23.000000 197904
23.100000 197904
23.200001 197904
23.299999 197904
23.400000 197904
23.500000 197904
23.600000 197904
23.700001 197904
23.799999 197904
23.900000 197904
24.000000 197904
24.100000 197872
24.200001 197872
24.299999 197872
24.400000 197872
24.500000 197872
24.600000 197872
24.700001 197868
24.799999 197932
24.900000 197932
25.000000 197932
25.100000 197932
25.200001 197932
25.299999 197932
25.400000 197932
25.500000 197932
25.600000 197932
25.700001 197932
25.799999 197932
25.900000 197932
26.000000 197932
26.100000 197900
26.200001 197900
26.299999 197900
26.400000 197900
26.500000 197900
26.600000 197900
26.700001 197900
26.799999 197900
26.900000 197900
27.000000 197900
27.100000 197900
27.200001 197900
27.299999 197900
27.400000 197900
27.500000 197900
27.600000 197900
27.700001 197900
27.799999 197900
27.900000 197964
28.000000 197932
28.100000 197932
28.200001 197932
28.299999 197932
28.400000 197932
28.500000 197932
28.600000 197932
28.700001 197932
28.799999 197932
28.900000 197932
29.000000 197932
29.100000 197932
29.200001 197932
29.299999 197932
29.400000 197932
29.500000 197932
29.600000 197932
29.700001 197932
29.799999 197932
29.900000 197924
30.000000 197892
30.100000 197892
30.200001 197892
30.299999 197892
30.400000 197892
30.500000 197892
30.600000 197892
30.700001 197892
30.799999 197892
30.900000 197892
31.000000 197892
31.100000 197892
31.200001 197892
31.299999 197892
31.400000 197892
31.500000 197892
31.600000 197892
31.700001 197924
31.799999 197924
31.900000 197924
32.000000 197892
32.099998 197892
32.200001 197892
32.299999 197892
32.400002 197892
32.500000 197892
32.599998 197892
32.700001 197892
32.799999 197892
32.900002 197892
33.000000 197892
33.099998 197892
33.200001 197892
33.299999 197892
33.400002 197892
33.500000 197892
33.599998 197892
33.700001 197892
33.799999 197892
33.900002 197892
34.000000 197892
34.099998 197860
34.200001 197924
34.299999 197924
34.400002 197924
34.500000 197924
34.599998 197924
34.700001 197924
34.799999 197924
34.900002 197924
35.000000 197924
35.099998 197924
35.200001 197924
35.299999 197924
35.400002 197924
35.500000 197924
35.599998 197924
35.700001 197924
35.799999 197924
35.900002 197924
36.000000 197924
36.099998 197892
36.200001 197892
36.299999 197892
36.400002 197892
36.500000 197892
36.599998 197892
36.700001 197892
36.799999 197892
36.900002 197892
37.000000 197892
37.099998 197892
37.200001 197892
37.299999 197892
37.400002 197892
37.500000 197892
37.599998 197892
37.700001 197924
37.799999 197924
37.900002 197924
38.000000 197924
38.099998 197892
38.200001 197892
38.299999 197892
38.400002 197892
38.500000 197892
38.599998 197892
38.700001 197892
38.799999 197892
38.900002 197892
39.000000 197892
39.099998 197892
39.200001 197892
39.299999 197892
39.400002 197892
39.500000 197892
39.599998 197892
39.700001 197892
39.799999 197884
39.900002 197884
40.000000 197852
40.099998 197852
40.200001 197852
40.299999 197852
40.400002 197852
40.500000 197916
40.599998 197916
40.700001 197916
40.799999 197916
40.900002 197916
41.000000 197916
41.099998 197916
41.200001 197916
41.299999 197916
41.400002 197916
41.500000 197916
41.599998 197916
41.700001 197916
41.799999 197916
41.900002 197916
42.000000 197884
42.099998 197884
42.200001 197884
42.299999 197884
42.400002 197884
42.500000 197884
42.599998 197884
42.700001 197884
42.799999 197884
42.900002 197884
43.000000 197884
43.099998 197884
43.200001 197884
43.299999 197884
43.400002 197884
43.500000 197884
43.599998 197884
43.700001 197916
43.799999 197916
43.900002 197916
44.000000 197916
44.099998 197884
44.200001 197884
44.299999 197884
44.400002 197884
44.500000 197884
44.599998 197884
44.700001 197884
44.799999 197884
44.900002 197884
45.000000 197884
45.099998 197884
45.200001 197884
45.299999 197884
45.400002 197884
45.500000 197884
45.599998 197884
45.700001 197884
45.799999 197884
45.900002 197884
46.000000 197884
46.099998 197852
46.200001 197852
46.299999 197852
46.400002 197852
46.500000 197852
46.599998 197852
46.700001 197852
46.799999 197916
46.900002 197916
47.000000 197916
47.099998 197916
47.200001 197916
47.299999 197916
47.400002 197916
47.500000 197916
47.599998 197916
47.700001 197916
47.799999 197916
47.900002 197916
48.000000 197916
48.099998 197884
48.200001 197884
48.299999 197884
48.400002 197884
48.500000 197884
48.599998 197884
48.700001 197884
48.799999 197884
48.900002 197884
49.000000 197884
49.099998 197884
49.200001 197884
49.299999 197884
49.400002 197884
49.500000 197884
49.599998 197884
49.700001 197880
49.799999 197880
49.900002 197944
50.000000 197912
50.099998 197912
50.200001 197912
50.299999 197912
50.400002 197912
50.500000 197912
50.599998 197912
50.700001 197912
50.799999 197912
50.900002 197912
51.000000 197912
51.099998 197912
51.200001 197912
51.299999 197912
51.400002 197912
51.500000 197912
51.599998 197912
51.700001 197912
51.799999 197912
51.900002 197912
52.000000 197880
52.099998 197880
52.200001 197880
52.299999 197880
52.400002 197880
52.500000 197880
52.599998 197880
52.700001 197880
52.799999 197880
52.900002 197880
53.000000 197880
53.099998 197880
53.200001 197880
53.299999 197880
53.400002 197880
53.500000 197880
53.599998 197880
53.700001 197912
53.799999 197912
53.900002 197912
54.000000 197912
54.099998 197880
54.200001 197880
54.299999 197880
54.400002 197880
54.500000 197880
54.599998 197880
54.700001 197880
54.799999 197880
54.900002 197880
55.000000 197880
55.099998 197880
55.200001 197880
55.299999 197880
55.400002 197880
55.500000 197880
55.599998 197880
55.700001 197872
55.799999 197872
55.900002 197840
56.000000 197840
56.099998 197904
56.200001 197904
56.299999 197904
56.400002 197904
56.500000 197904
56.599998 197904
56.700001 197904
56.799999 197904
56.900002 197904
57.000000 197904
57.099998 197904
57.200001 197904
57.299999 197904
57.400002 197904
57.500000 197904
57.599998 197904
57.700001 197904
57.799999 197904
57.900002 197872
58.000000 197872
58.099998 197872
58.200001 197872
58.299999 197872
58.400002 197872
58.500000 197872
58.599998 197872
58.700001 197872
58.799999 197872
58.900002 197872
59.000000 197872
59.099998 197872
59.200001 197872
59.299999 197872
59.400002 197872
59.500000 197872
59.599998 197872
59.700001 197904
59.799999 197904
59.900002 197872
60.000000 197872
60.099998 197872
60.200001 197872
60.299999 197872
60.400002 197872
60.500000 197872
60.599998 197872
60.700001 197872
60.799999 197872
60.900002 197872
61.000000 197872
61.099998 197872
61.200001 197872
61.299999 197872
61.400002 197872
61.500000 197872
61.599998 197872
61.700001 197872
61.799999 197872
61.900002 197840
62.000000 197840
62.099998 197840
62.200001 197840
62.299999 197840
62.400002 197904
62.500000 197904
62.599998 197904
62.700001 197904
62.799999 197904
62.900002 197904
63.000000 197904
63.099998 197904
63.200001 197904
63.299999 197904
63.400002 197904
63.500000 197904
63.599998 197904
63.700001 197904
63.799999 197904
63.900002 197872
64.000000 197872
64.099998 197872
64.199997 197872
64.300003 197872
64.400002 197872
64.500000 197872
64.599998 197872
64.699997 197872
64.800003 197872
64.900002 197872
65.000000 197872
65.099998 197872
65.199997 197872
65.300003 197872
65.400002 197872
65.500000 197872
65.599998 197872
65.699997 197904
65.800003 197904
65.900002 197872
66.000000 197872
66.099998 197872
66.199997 197872
66.300003 197872
66.400002 197872
66.500000 197872
66.599998 197872
66.699997 197872
66.800003 197872
66.900002 197872
67.000000 197872
67.099998 197872
67.199997 197872
67.300003 197872
67.400002 197872
67.500000 197872
67.599998 197872
67.699997 197872
67.800003 197872
67.900002 197840
68.000000 197840
68.099998 197840
68.199997 197840
68.300003 197840
68.400002 197840
68.500000 197840
68.599998 197840
68.699997 197904
68.800003 197904
68.900002 197904
69.000000 197904
69.099998 197904
69.199997 197904
69.300003 197904
69.400002 197904
69.500000 197904
69.599998 197904
69.699997 197904
69.800003 197904
69.900002 197872
70.000000 197872
70.099998 197872
70.199997 197872
70.300003 197872
70.400002 197872
70.500000 197872
70.599998 197872
70.699997 197872
70.800003 197872
70.900002 197872
71.000000 197872
71.099998 197872
71.199997 197872
71.300003 197872
71.400002 197872
71.500000 197872
71.599998 197872
71.699997 197872
71.800003 197936
71.900002 197904
72.000000 197904
72.099998 197904
72.199997 197904
72.300003 197904
72.400002 197904
72.500000 197904
72.599998 197904
72.699997 197904
72.800003 197904
72.900002 197904
73.000000 197904
73.099998 197904
73.199997 197904
73.300003 197904
73.400002 197904
73.500000 197904
73.599998 197904
73.699997 197900
73.800003 197900
73.900002 197868
74.000000 197868
74.099998 197868
74.199997 197868
74.300003 197868
74.400002 197868
74.500000 197868
74.599998 197868
74.699997 197868
74.800003 197868
74.900002 197868
75.000000 197868
75.099998 197868
75.199997 197868
75.300003 197868
75.400002 197868
75.500000 197868
75.599998 197868
75.699997 197900
75.800003 197900
75.900002 197868
76.000000 197868
76.099998 197868
76.199997 197868
76.300003 197868
76.400002 197868
76.500000 197868
76.599998 197868
76.699997 197868
76.800003 197868
76.900002 197868
77.000000 197868
77.099998 197868
77.199997 197868
77.300003 197868
77.400002 197868
77.500000 197868
77.599998 197868
77.699997 197868
77.800003 197868
77.900002 197836
78.000000 197836
78.099998 197900
78.199997 197900
78.300003 197900
78.400002 197900
78.500000 197900
78.599998 197900
78.699997 197900
78.800003 197900
78.900002 197900
79.000000 197900
79.099998 197900
79.199997 197900
79.300003 197900
79.400002 197900
79.500000 197900
79.599998 197900
79.699997 197892
79.800003 197892
79.900002 197860
80.000000 197860
80.099998 197860
80.199997 197860
80.300003 197860
80.400002 197860
80.500000 197860
80.599998 197860
80.699997 197860
80.800003 197860
80.900002 197860
81.000000 197860
81.099998 197860
81.199997 197860
81.300003 197860
81.400002 197860
81.500000 197860
81.599998 197860
81.699997 197892
81.800003 197892
81.900002 197860
82.000000 197860
82.099998 197860
82.199997 197860
82.300003 197860
82.400002 197860
82.500000 197860
82.599998 197860
82.699997 197860
82.800003 197860
82.900002 197860
83.000000 197860
83.099998 197860
83.199997 197860
83.300003 197860
83.400002 197860
83.500000 197860
83.599998 197860
83.699997 197860
83.800003 197860
83.900002 197828
84.000000 197828
84.099998 197828
84.199997 197828
84.300003 197828
84.400002 197892
84.500000 197892
84.599998 197892
84.699997 197892
84.800003 197892
84.900002 197892
85.000000 197892
85.099998 197892
85.199997 197892
85.300003 197892
85.400002 197892
85.500000 197892
85.599998 197892
85.699997 197892
85.800003 197892
85.900002 197860
86.000000 197860
86.099998 197860
86.199997 197860
86.300003 197860
86.400002 197860
86.500000 197860
86.599998 197860
86.699997 197852
86.800003 197852
86.900002 197852
87.000000 197852
87.099998 197852
87.199997 197852
87.300003 197852
87.400002 197852
87.500000 197884
87.599998 197884
87.699997 197884
87.800003 197884
87.900002 197884
88.000000 197884
88.099998 197884
88.199997 197884
88.300003 197884
88.400002 197884
88.500000 197884
88.599998 197884
88.699997 197852
88.800003 197852
88.900002 197852
89.000000 197852
89.099998 197852
89.199997 197852
89.300003 197852
89.400002 197852
89.500000 197852
89.599998 197852
89.699997 197852
89.800003 197852
89.900002 197852
90.000000 197852
90.099998 197852
90.199997 197852
90.300003 197852
90.400002 197852
90.500000 197852
90.599998 197852
90.699997 197884
90.800003 197884
90.900002 197884
91.000000 197884
91.099998 197884
91.199997 197884
91.300003 197884
91.400002 197884
91.500000 197884
91.599998 197884
91.699997 197884
91.800003 197884
91.900002 197884
92.000000 197884
92.099998 197884
92.199997 197884
92.300003 197884
92.400002 197884
92.500000 197884
92.599998 197884
92.699997 197852
92.800003 197852
92.900002 197852
93.000000 197852
93.099998 197852
93.199997 197852
93.300003 197852
93.400002 197852
93.500000 197852
93.599998 197852
93.699997 197852
93.800003 197916
93.900002 197916
94.000000 197916
94.099998 197916
94.199997 197916
94.300003 197916
94.400002 197916
94.500000 197916
94.599998 197916
94.699997 197884
94.800003 197884
94.900002 197884
95.000000 197884
95.099998 197884
95.199997 197884
95.300003 197884
95.400002 197884
95.500000 197884
95.599998 197884
95.699997 197884
95.800003 197884
95.900002 197884
96.000000 197884
96.099998 197884
96.199997 197884
96.300003 197884
96.400002 197884
96.500000 197884
96.599998 197884
96.699997 197852
96.800003 197852
96.900002 197852
97.000000 197884
97.099998 197884
97.199997 197884
97.300003 197884
97.400002 197884
97.500000 197884
97.599998 197884
97.699997 197880
97.800003 197880
97.900002 197880
98.000000 197880
98.099998 197880
98.199997 197880
98.300003 197880
98.400002 197880
98.500000 197880
98.599998 197880
98.699997 197848
98.800003 197848
98.900002 197848
99.000000 197848
99.099998 197848
99.199997 197848
99.300003 197848
99.400002 197848
99.500000 197848
99.599998 197848
99.699997 197848
99.800003 197848
99.900002 197848
100.000000 197848
100.099998 197848
100.199997 197848
100.300003 197848
100.400002 197848
100.500000 197848
100.599998 197848
100.699997 197880
100.800003 197880
100.900002 197880
101.000000 197880
101.099998 197880
101.199997 197880
101.300003 197880
101.400002 197880
101.500000 197880
101.599998 197880
101.699997 197880
101.800003 197880
101.900002 197880
102.000000 197880
102.099998 197880
102.199997 197880
102.300003 197880
102.400002 197880
102.500000 197880
102.599998 197880
102.699997 197848
102.800003 197840
102.900002 197840
103.000000 197840
103.099998 197840
103.199997 197872
103.300003 197872
103.400002 197872
103.500000 197872
103.599998 197872
103.699997 197872
103.800003 197872
103.900002 197872
104.000000 197872
104.099998 197872
104.199997 197872
104.300003 197872
104.400002 197872
104.500000 198424
104.599998 198748
104.699997 201940
104.800003 203508
104.900002 204272
105.000000 205036
105.099998 205792
105.199997 206352
105.300003 206856
105.400002 207328
105.500000 208084
105.599998 209596
105.699997 210604
105.800003 208936
105.900002 209440
106.000000 211220
106.099998 212512
106.199997 213308
106.300003 213560
106.400002 214844
106.500000 216120
106.599998 217128
106.699997 217632
106.800003 218640
106.900002 219900
107.000000 220656
107.099998 221412
107.199997 222168
107.300003 222672
107.400002 223648
107.500000 224152
107.599998 224656
107.699997 224656
107.800003 225160
107.900002 225792
108.000000 226564
108.099998 227328
108.199997 227832
108.300003 228336
108.400002 229076
108.500000 229832
108.599998 230840
108.699997 230896
108.800003 231148
108.900002 231392
109.000000 231648
109.099998 233420
109.199997 233656
109.300003 234164
109.400002 234764
109.500000 234984
109.599998 235496
109.699997 235756
109.800003 236504
109.900002 236788
110.000000 237292
110.099998 238048
110.199997 238268
110.300003 238268
110.400002 239024
110.500000 239024
110.599998 239276
110.699997 239528
110.800003 239780
110.900002 240032
111.000000 240284
111.099998 240536
111.199997 240788
111.300003 241576
111.400002 242080
111.500000 242080
111.599998 242080
111.699997 242200
111.800003 242200
111.900002 242208
