0.000000 218192
0.100000 217736
0.200000 217980
0.300000 217976
0.400000 217976
0.500000 218268
0.600000 218528
0.700000 218780
0.800000 219032
0.900000 219032
1.000000 219512
1.100000 219512
1.200000 219772
1.300000 220024
1.400000 220024
1.500000 220024
1.600000 220536
1.700000 217512
1.800000 217544
1.900000 217544
2.000000 216032
2.100000 216032
2.200000 216032
2.300000 216032
2.400000 216032
2.500000 216032
2.600000 215992
2.700000 215992
2.800000 215992
2.900000 216048
3.000000 216048
3.100000 216048
3.200000 216048
3.300000 216048
3.400000 216048
3.500000 216048
3.600000 216048
3.700000 216048
3.800000 216048
3.900000 216048
4.000000 216024
4.100000 216024
4.200000 216016
4.300000 216016
4.400000 216016
4.500000 216016
4.600000 203668
4.700000 203668
4.800000 203192
4.900000 203076
5.000000 203076
5.100000 203076
5.200000 203076
5.300000 203076
5.400000 203076
5.500000 203076
5.600000 203076
5.700000 203076
5.800000 203076
5.900000 203044
6.000000 203044
6.100000 203044
6.200000 203044
6.300000 203044
6.400000 203044
6.500000 203044
6.600000 203044
6.700000 203044
6.800000 203044
6.900000 203044
7.000000 203044
7.100000 203044
7.200000 203044
7.300000 203044
7.400000 203044
7.500000 203044
7.600000 203044
7.700000 203044
7.800000 203044
7.900000 203076
8.000000 203076
8.100000 203076
8.200000 203076
8.300000 203076
8.400000 203076
8.500000 203076
8.600000 203076
8.700000 203076
8.800000 203328
8.900000 204840
9.000000 197924
9.100000 197924
9.200000 197924
9.300000 197924
9.400000 197924
9.500000 197924
9.600000 197924
9.700000 197924
9.800000 197924
9.900000 197916
10.000000 197916
10.100000 197916
10.200000 197916
10.300000 197916
10.400000 197916
10.500000 197916
10.600000 197916
10.700000 197916
10.800000 197916
10.900000 197980
11.000000 197948
11.100000 197948
11.200000 197948
11.300000 197948
11.400000 197948
11.500000 197948
11.600000 197948
11.700000 197948
11.800000 197948
11.900000 197948
12.000000 197948
12.100000 197948
12.200000 197948
12.300000 197948
12.400000 197948
12.500000 197948
12.600000 197948
12.700000 197948
12.800000 197948
12.900000 197948
13.000000 197948
13.100000 197948
13.200000 197948
13.300000 197948
13.400000 197948
13.500000 197948
13.600000 197948
13.700000 197948
13.800000 197948
13.900000 197916
14.000000 197916
14.100000 197948
14.200000 197948
14.300000 197948
14.400000 197948
14.500000 197948
14.600000 197948
14.700000 197948
14.800000 197948
14.900000 197948
15.000000 197948
15.100000 197948
15.200000 197948
15.300000 197948
15.400000 197948
15.500000 197948
15.600000 197948
15.700000 197948
15.800000 197948
15.900000 197916
16.000000 197916
16.100000 197916
16.200001 197916
16.299999 197916
16.400000 197916
16.500000 197916
16.600000 197916
16.700001 197916
16.799999 197916
16.900000 197916
17.000000 197916
17.100000 197916
17.200001 197916
17.299999 197916
17.400000 197916
17.500000 197916
17.600000 197916
17.700001 197916
17.799999 197916
17.900000 197948
18.000000 197948
18.100000 197948
18.200001 197948
18.299999 197948
18.400000 197948
18.500000 197948
18.600000 197948
18.700001 197948
18.799999 197948
18.900000 197948
19.000000 197948
19.100000 197948
19.200001 197948
19.299999 197948
19.400000 197948
19.500000 197948
19.600000 197948
19.700001 197948
19.799999 197948
19.900000 197908
20.000000 197908
20.100000 197908
20.200001 197908
20.299999 197908
20.400000 197940
20.500000 197940
20.600000 197940
20.700001 197940
20.799999 197940
20.900000 197940
21.000000 197940
21.100000 197940
21.200001 197940
21.299999 197940
21.400000 197940
21.500000 197940
21.600000 197940
21.700001 197940
21.799999 197940
21.900000 197908
22.000000 197908
22.100000 197908
22.200001 197908
22.299999 197908
22.400000 197908
22.500000 197908
22.600000 197908
22.700001 197908
22.799999 197908
22.900000 197908
23.000000 197908
23.100000 197908
23.200001 197908
23.299999 197908
23.400000 197908
23.500000 197908
23.600000 197908
23.700001 197908
23.799999 197908
23.900000 197940
24.000000 197940
24.100000 197940
24.200001 197940
24.299999 197940
24.400000 197940
24.500000 197940
24.600000 197940
24.700001 197940
24.799999 197940
24.900000 197904
25.000000 197904
25.100000 197904
25.200001 197904
25.299999 197904
25.400000 197904
25.500000 197904
25.600000 197904
25.700001 197904
25.799999 197904
25.900000 197904
26.000000 197904
26.100000 197904
26.200001 197904
26.299999 197904
26.400000 197904
26.500000 197936
26.600000 197936
26.700001 197936
26.799999 197936
26.900000 197904
27.000000 197904
27.100000 197904
27.200001 197904
27.299999 197904
27.400000 197904
27.500000 197904
27.600000 197904
27.700001 197904
27.799999 197904
27.900000 197904
28.000000 197904
28.100000 197904
28.200001 197904
28.299999 197904
28.400000 197904
28.500000 197904
28.600000 197904
28.700001 197904
28.799999 197904
28.900000 197872
29.000000 197872
29.100000 197872
29.200001 197872
29.299999 197872
29.400000 197872
29.500000 197872
29.600000 197872
29.700001 197936
29.799999 197936
29.900000 197928
30.000000 197928
30.100000 197928
30.200001 197928
30.299999 197928
30.400000 197928
30.500000 197928
30.600000 197928
30.700001 197928
30.799999 197928
30.900000 197928
31.000000 197928
31.100000 197928
31.200001 197928
31.299999 197928
31.400000 197928
31.500000 197928
31.600000 197928
31.700001 197928
31.799999 197928
31.900000 197896
32.000000 197896
32.099998 197896
32.200001 197896
32.299999 197896
32.400002 197896
32.500000 197896
32.599998 197896
32.700001 197896
32.799999 197960
32.900002 197928
33.000000 197928
33.099998 197928
33.200001 197928
33.299999 197928
33.400002 197928
33.500000 197928
33.599998 197928
33.700001 197928
33.799999 197928
33.900002 197928
34.000000 197928
34.099998 197928
34.200001 197928
34.299999 197928
34.400002 197928
34.500000 197928
34.599998 197928
34.700001 197928
34.799999 197928
34.900002 197928
35.000000 197928
35.099998 197928
35.200001 197928
35.299999 197928
35.400002 197928
35.500000 197928
35.599998 197928
35.700001 197928
35.799999 197928
35.900002 197896
36.000000 197920
36.099998 197920
36.200001 197920
36.299999 197920
36.400002 197920
36.500000 197920
36.599998 197920
36.700001 197920
36.799999 197920
36.900002 197888
37.000000 197888
37.099998 197888
37.200001 197888
37.299999 197888
37.400002 197888
37.500000 197888
37.599998 197888
37.700001 197888
37.799999 197888
37.900002 197888
38.000000 197888
38.099998 197888
38.200001 197888
38.299999 197888
38.400002 197888
38.500000 197888
38.599998 197888
38.700001 197888
38.799999 197888
38.900002 197888
39.000000 197888
39.099998 197888
39.200001 197888
39.299999 197888
39.400002 197888
39.500000 197888
39.599998 197888
39.700001 197888
39.799999 197888
39.900002 197920
40.000000 197920
40.099998 197920
40.200001 197920
40.299999 197920
40.400002 197920
40.500000 197920
40.599998 197920
40.700001 197920
40.799999 197920
40.900002 197888
41.000000 197888
41.099998 197888
41.200001 197888
41.299999 197888
41.400002 197888
41.500000 197888
41.599998 197888
41.700001 197888
41.799999 197888
41.900002 197888
42.000000 197888
42.099998 197888
42.200001 197888
42.299999 197888
42.400002 197888
42.500000 197888
42.599998 197888
42.700001 197888
42.799999 197920
42.900002 197888
43.000000 197888
43.099998 197888
43.200001 197888
43.299999 197888
43.400002 197888
43.500000 197888
43.599998 197888
43.700001 197888
43.799999 197888
43.900002 197888
44.000000 197888
44.099998 197888
44.200001 197888
44.299999 197888
44.400002 197888
44.500000 197888
44.599998 197888
44.700001 197888
44.799999 197920
44.900002 197920
45.000000 197920
45.099998 197920
45.200001 197920
45.299999 197920
45.400002 197920
45.500000 197920
45.599998 197920
45.700001 197920
45.799999 197920
45.900002 197920
46.000000 197920
46.099998 197920
46.200001 197920
46.299999 197920
46.400002 197920
46.500000 197920
46.599998 197920
46.700001 197920
46.799999 197888
46.900002 197888
47.000000 197888
47.099998 197888
47.200001 197888
47.299999 197888
47.400002 197888
47.500000 197888
47.599998 197888
47.700001 197888
47.799999 197920
47.900002 197920
48.000000 197920
48.099998 197920
48.200001 197920
48.299999 197920
48.400002 197920
48.500000 197920
48.599998 197920
48.700001 197920
48.799999 197892
48.900002 197892
49.000000 197956
49.099998 197956
49.200001 197956
49.299999 197956
49.400002 197956
49.500000 197956
49.599998 197956
49.700001 197956
49.799999 197924
49.900002 197924
50.000000 197924
50.099998 197924
50.200001 197924
50.299999 197924
50.400002 197924
50.500000 197924
50.599998 197924
50.700001 197924
50.799999 197924
50.900002 197924
51.000000 197924
51.099998 197924
51.200001 197924
51.299999 197924
51.400002 197924
51.500000 197924
51.599998 197924
51.700001 197924
51.799999 197892
51.900002 197892
52.000000 197892
52.099998 197892
52.200001 197892
52.299999 197892
52.400002 197892
52.500000 197892
52.599998 197892
52.700001 197892
52.799999 197924
52.900002 197924
53.000000 197924
53.099998 197924
53.200001 197924
53.299999 197924
53.400002 197924
53.500000 197924
53.599998 197892
53.700001 197892
53.799999 197892
53.900002 197892
54.000000 197892
54.099998 197892
54.200001 197892
54.299999 197892
54.400002 197892
54.500000 197892
54.599998 197892
54.700001 197892
54.799999 197884
54.900002 197884
55.000000 197884
55.099998 197884
55.200001 197884
55.299999 197884
55.400002 197884
55.500000 197884
55.599998 197884
55.700001 197884
55.799999 197884
55.900002 197884
56.000000 197884
56.099998 197884
56.200001 197884
56.299999 197884
56.400002 197884
56.500000 197884
56.599998 197884
56.700001 197884
56.799999 197852
56.900002 197852
57.000000 197852
57.099998 197916
57.200001 197916
57.299999 197916
57.400002 197916
57.500000 197916
57.599998 197916
57.700001 197916
57.799999 197916
57.900002 197916
58.000000 197916
58.099998 197916
58.200001 197916
58.299999 197916
58.400002 197916
58.500000 197916
58.599998 197916
58.700001 197916
58.799999 197884
58.900002 197884
59.000000 197884
59.099998 197884
59.200001 197884
59.299999 197884
59.400002 197884
59.500000 197884
59.599998 197884
59.700001 197884
59.799999 197884
59.900002 197884
60.000000 197884
60.099998 197884
60.200001 197884
60.299999 197884
60.400002 197884
60.500000 197884
60.599998 197884
60.700001 197884
60.799999 197884
60.900002 197884
61.000000 197884
61.099998 197884
61.200001 197884
61.299999 197884
61.400002 197884
61.500000 197884
61.599998 197884
61.700001 197884
61.799999 197884
61.900002 197884
62.000000 197884
62.099998 197884
62.200001 197884
62.299999 197884
62.400002 197884
62.500000 197884
62.599998 197884
62.700001 197884
62.799999 197852
62.900002 197852
63.000000 197852
63.099998 197852
63.200001 197852
63.299999 197852
63.400002 197916
63.500000 197916
63.599998 197916
63.700001 197916
63.799999 197916
63.900002 197916
64.000000 197916
64.099998 197916
64.199997 197916
64.300003 197916
64.400002 197916
64.500000 197916
64.599998 197916
64.699997 197916
64.800003 197884
64.900002 197884
65.000000 197884
65.099998 197884
65.199997 197884
65.300003 197884
65.400002 197884
65.500000 197884
65.599998 197884
65.699997 197884
65.800003 197884
65.900002 197884
66.000000 197884
66.099998 197884
66.199997 197884
66.300003 197884
66.400002 197884
66.500000 197948
66.599998 197948
66.699997 197948
66.800003 197916
66.900002 197916
67.000000 197916
67.099998 197916
67.199997 197916
67.300003 197916
67.400002 197916
67.500000 197916
67.599998 197916
67.699997 197916
67.800003 197916
67.900002 197916
68.000000 197916
68.099998 197916
68.199997 197916
68.300003 197916
68.400002 197916
68.500000 197884
68.599998 197884
68.699997 197884
68.800003 197884
68.900002 197884
69.000000 197884
69.099998 197884
69.199997 197884
69.300003 197884
69.400002 197884
69.500000 197884
69.599998 197884
69.699997 197884
69.800003 197916
69.900002 197916
70.000000 197916
70.099998 197916
70.199997 197916
70.300003 197916
70.400002 197916
70.500000 197916
70.599998 197884
70.699997 197884
70.800003 197884
70.900002 197884
71.000000 197884
71.099998 197884
71.199997 197884
71.300003 197884
71.400002 197884
71.500000 197884
71.599998 197884
71.699997 197884
71.800003 197884
71.900002 197884
72.000000 197884
72.099998 197884
72.199997 197884
72.300003 197884
72.400002 197884
72.500000 197884
72.599998 197884
72.699997 197884
72.800003 197916
72.900002 197916
73.000000 197916
73.099998 197916
73.199997 197916
73.300003 197916
73.400002 197916
73.500000 197916
73.599998 197916
73.699997 197916
73.800003 197912
73.900002 197912
74.000000 197912
74.099998 197912
74.199997 197912
74.300003 197912
74.400002 197912
74.500000 197912
74.599998 197912
74.699997 197912
74.800003 197880
74.900002 197880
75.000000 197880
75.099998 197880
75.199997 197880
75.300003 197880
75.400002 197880
75.500000 197880
75.599998 197880
75.699997 197880
75.800003 197880
75.900002 197912
76.000000 197912
76.099998 197912
76.199997 197912
76.300003 197912
76.400002 197912
76.500000 197912
76.599998 197912
76.699997 197912
76.800003 197880
76.900002 197880
77.000000 197880
77.099998 197880
77.199997 197880
77.300003 197880
77.400002 197880
77.500000 197880
77.599998 197880
77.699997 197880
77.800003 197880
77.900002 197880
78.000000 197880
78.099998 197880
78.199997 197880
78.300003 197880
78.400002 197880
78.500000 197880
78.599998 197880
78.699997 197880
78.800003 197848
78.900002 197848
79.000000 197904
79.099998 197904
79.199997 197904
79.300003 197904
79.400002 197904
79.500000 197904
79.599998 197904
79.699997 197904
79.800003 197904
79.900002 197904
80.000000 197904
80.099998 197904
80.199997 197904
80.300003 197904
80.400002 197904
80.500000 197904
80.599998 197904
80.699997 197904
80.800003 197872
80.900002 197872
81.000000 197872
81.099998 197872
81.199997 197872
81.300003 197872
81.400002 197872
81.500000 197872
81.599998 197872
81.699997 197872
81.800003 197872
81.900002 197872
82.000000 197872
82.099998 197872
82.199997 197872
82.300003 197872
82.400002 197872
82.500000 197872
82.599998 197872
82.699997 197872
82.800003 197872
82.900002 197872
83.000000 197872
83.099998 197872
83.199997 197872
83.300003 197872
83.400002 197872
83.500000 197872
83.599998 197872
83.699997 197872
83.800003 197872
83.900002 197872
84.000000 197872
84.099998 197872
84.199997 197872
84.300003 197872
84.400002 197872
84.500000 197872
84.599998 197872
84.699997 197872
84.800003 197840
84.900002 197840
85.000000 197840
85.099998 197840
85.199997 197840
85.300003 197904
85.400002 197904
85.500000 197904
85.599998 197904
85.699997 197904
85.800003 197904
85.900002 197904
86.000000 197904
86.099998 197904
86.199997 197904
86.300003 197904
86.400002 197904
86.500000 197904
86.599998 197904
86.699997 197904
86.800003 197872
86.900002 197864
87.000000 197864
87.099998 197864
87.199997 197864
87.300003 197864
87.400002 197864
87.500000 197864
87.599998 197864
87.699997 197864
87.800003 197864
87.900002 197864
88.000000 197864
88.099998 197864
88.199997 197864
88.300003 197864
88.400002 197864
88.500000 197928
88.599998 197928
88.699997 197928
88.800003 197896
88.900002 197896
89.000000 197896
89.099998 197896
89.199997 197896
89.300003 197896
89.400002 197896
89.500000 197896
89.599998 197896
89.699997 197896
89.800003 197896
89.900002 197896
90.000000 197896
90.099998 197896
90.199997 197896
90.300003 197896
90.400002 197896
90.500000 197896
90.599998 197896
90.699997 197896
90.800003 197864
90.900002 197864
91.000000 197864
91.099998 197864
91.199997 197864
91.300003 197864
91.400002 197864
91.500000 197864
91.599998 197896
91.699997 197896
91.800003 197896
91.900002 197896
92.000000 197896
92.099998 197896
92.199997 197896
92.300003 197896
92.400002 197896
92.500000 197896
92.599998 197896
92.699997 197896
92.800003 197896
92.900002 197896
93.000000 197896
93.099998 197896
93.199997 197864
93.300003 197864
93.400002 197864
93.500000 197864
93.599998 197864
93.699997 197864
93.800003 197864
93.900002 197864
94.000000 197864
94.099998 197864
94.199997 197864
94.300003 197864
94.400002 197864
94.500000 197864
94.599998 197864
94.699997 197864
94.800003 197864
94.900002 197864
95.000000 197864
95.099998 197864
95.199997 197864
95.300003 197864
95.400002 197864
95.500000 197864
95.599998 197864
95.699997 197864
95.800003 197864
95.900002 197864
96.000000 197864
96.099998 197864
96.199997 197864
96.300003 197864
96.400002 197864
96.500000 197864
96.599998 197864
96.699997 197864
96.800003 197896
96.900002 197896
97.000000 197896
97.099998 197896
97.199997 197896
97.300003 197896
97.400002 197896
97.500000 197896
97.599998 197896
97.699997 197896
97.800003 197860
97.900002 197860
98.000000 197860
98.099998 197860
98.199997 197860
98.300003 197860
98.400002 197860
98.500000 197860
98.599998 197860
98.699997 197860
98.800003 197860
98.900002 197860
99.000000 197860
99.099998 197860
99.199997 197860
99.300003 197860
99.400002 197860
99.500000 197860
99.599998 197860
99.699997 197860
99.800003 197828
99.900002 197828
100.000000 197892
100.099998 197892
100.199997 197892
100.300003 197892
100.400002 197892
100.500000 197892
100.599998 197892
100.699997 197892
100.800003 197892
100.900002 197892
101.000000 197892
101.099998 197892
101.199997 197892
101.300003 197892
101.400002 197892
101.500000 197892
101.599998 197892
101.699997 197892
101.800003 197860
101.900002 197860
102.000000 197860
102.099998 197860
102.199997 197860
102.300003 197860
102.400002 197860
102.500000 197860
102.599998 197860
102.699997 197860
102.800003 197852
102.900002 197852
103.000000 197852
103.099998 197916
103.199997 197884
103.300003 197884
103.400002 197884
103.500000 197884
103.599998 197884
103.699997 197884
103.800003 197884
103.900002 197884
104.000000 197884
104.099998 197884
104.199997 197884
104.300003 197884
104.400002 197884
104.500000 197884
104.599998 197884
104.699997 197884
104.800003 197884
104.900002 197884
105.000000 197884
105.099998 197884
105.199997 197852
105.300003 197852
105.400002 197852
105.500000 197852
105.599998 197852
105.699997 197852
105.800003 197852
105.900002 197852
106.000000 197852
106.099998 197852
106.199997 197852
106.300003 197852
106.400002 197852
106.500000 197852
106.599998 197852
106.699997 197852
106.800003 197884
106.900002 197884
107.000000 197884
107.099998 197884
107.199997 197852
107.300003 197852
107.400002 197852
107.500000 197852
107.599998 197852
107.699997 197852
107.800003 197852
107.900002 197852
108.000000 197852
108.099998 197852
108.199997 197852
108.300003 197852
108.400002 197852
108.500000 197852
108.599998 197852
108.699997 197852
108.800003 197852
108.900002 197852
109.000000 197852
109.099998 197852
109.199997 197820
109.300003 197820
109.400002 197884
109.500000 197884
109.599998 197884
109.699997 197884
109.800003 197884
109.900002 197884
110.000000 197884
110.099998 197884
110.199997 197884
110.300003 197884
110.400002 197884
110.500000 197884
110.599998 197884
110.699997 197884
110.800003 197884
110.900002 197884
111.000000 197884
111.099998 197884
111.199997 197852
111.300003 197852
111.400002 197852
111.500000 197852
111.599998 197852
111.699997 197852
111.800003 197852
111.900002 197852
112.000000 197852
112.099998 197852
112.199997 197852
112.300003 197852
112.400002 197852
112.500000 197852
112.599998 197852
112.699997 197852
112.800003 197884
112.900002 197884
113.000000 197884
113.099998 197852
113.199997 197852
113.300003 197852
113.400002 197852
113.500000 197852
113.599998 197852
113.699997 197852
113.800003 197852
113.900002 197852
114.000000 197852
114.099998 197852
114.199997 197852
114.300003 197852
114.400002 197852
114.500000 197852
114.599998 197852
114.699997 197852
114.800003 197852
114.900002 197852
115.000000 197852
115.099998 197820
115.199997 197820
115.300003 197820
115.400002 197820
115.500000 197820
115.599998 197884
115.699997 197884
115.800003 197884
115.900002 197884
116.000000 197884
116.099998 197884
116.199997 197884
116.300003 197884
116.400002 197884
116.500000 197884
116.599998 197884
116.699997 197884
116.800003 197884
116.900002 197884
117.000000 197884
117.099998 197852
117.199997 197852
117.300003 197852
117.400002 197852
117.500000 197852
117.599998 197852
117.699997 197852
117.800003 197852
117.900002 197852
118.000000 197852
118.099998 197852
118.199997 197852
118.300003 197852
118.400002 197852
118.500000 197852
118.599998 197852
118.699997 197852
118.800003 197884
118.900002 197884
119.000000 197884
119.099998 197852
119.199997 197852
119.300003 197852
119.400002 197852
119.500000 197852
119.599998 197852
119.699997 197852
119.800003 197852
119.900002 197852
120.000000 197852
