0.000000 197852
0.100000 197852
0.200000 197852
0.300000 197852
0.400000 197852
0.500000 197852
0.600000 197852
0.700000 197852
0.800000 197868
0.900000 197836
1.000000 197836
1.100000 197836
1.200000 197836
1.300000 197836
1.400000 197836
1.500000 197836
1.600000 197836
1.700000 197900
1.800000 197900
1.900000 197900
2.000000 197900
2.100000 197900
2.200000 197900
2.300000 197900
2.400000 197900
2.500000 197900
2.600000 197900
2.700000 197900
2.800000 197900
2.900000 197868
3.000000 197868
3.100000 197868
3.200000 197868
3.300000 197868
3.400000 197868
3.500000 197868
3.600000 197868
3.700000 197868
3.800000 197868
3.900000 197868
4.000000 197868
4.100000 197868
4.200000 197868
4.300000 197868
4.400000 197868
4.500000 197868
4.600000 197868
4.700000 197868
4.800000 197932
4.900000 197900
5.000000 197900
5.100000 197900
5.200000 197900
5.300000 197900
5.400000 197900
5.500000 197900
5.600000 197900
5.700000 197900
5.800000 197900
5.900000 197900
6.000000 197900
6.100000 197900
6.200000 197900
6.300000 197900
6.400000 197900
6.500000 197900
6.600000 197900
6.700000 197900
6.800000 197860
6.900000 197860
7.000000 197860
7.100000 197860
7.200000 197860
7.300000 197860
7.400000 197860
7.500000 197860
7.600000 197860
7.700000 197860
7.800000 197860
7.900000 197860
8.000000 197860
8.100000 197860
8.200000 197860
8.300000 197860
8.400000 197860
8.500000 197860
8.600000 197860
8.700000 197860
8.800000 197860
8.900000 197860
9.000000 197860
9.100000 197860
9.200000 197860
9.300000 197860
9.400000 197860
9.500000 197860
9.600000 197860
9.700000 197860
9.800000 197860
9.900000 197860
10.000000 197860
10.100000 197860
10.200000 197860
10.300000 197860
10.400000 197860
10.500000 197860
10.600000 197860
10.700000 197860
10.800000 197828
10.900000 197828
11.000000 197892
11.100000 197892
11.200000 197892
11.300000 197892
11.400000 197892
11.500000 197892
11.600000 197892
11.700000 197892
11.800000 197892
11.900000 197892
12.000000 197892
12.100000 197892
12.200000 197892
12.300000 197892
12.400000 197892
12.500000 197892
12.600000 197892
12.700000 197892
12.800000 197860
12.900000 197860
13.000000 197860
13.100000 197860
13.200000 197860
13.300000 197860
13.400000 197860
13.500000 197860
13.600000 197860
13.700000 197860
13.800000 197860
13.900000 197860
14.000000 197860
14.100000 197860
14.200000 197860
14.300000 197860
14.400000 197860
14.500000 197860
14.600000 197860
14.700000 197860
14.800000 197860
14.900000 197860
15.000000 197860
15.100000 197860
15.200000 197860
15.300000 197860
15.400000 197860
15.500000 197860
15.600000 197860
15.700000 197860
15.800000 197860
15.900000 197860
16.000000 197860
16.100000 197860
16.200001 197860
16.299999 197860
16.400000 197860
16.500000 197860
16.600000 197860
16.700001 197860
16.799999 197828
16.900000 197828
17.000000 197828
17.100000 197892
17.200001 197892
17.299999 197892
17.400000 197892
17.500000 197892
17.600000 197892
17.700001 197892
17.799999 197892
17.900000 197892
18.000000 197892
18.100000 197892
18.200001 197892
18.299999 197892
18.400000 197892
18.500000 197892
18.600000 197892
18.700001 197892
18.799999 197892
18.900000 197892
19.000000 197892
19.100000 197892
19.200001 197892
19.299999 197892
19.400000 197892
19.500000 197892
19.600000 197892
19.700001 197860
19.799999 197860
19.900000 197860
20.000000 197860
20.100000 197860
20.200001 197860
20.299999 197860
20.400000 197860
20.500000 197860
20.600000 197860
20.700001 197892
20.799999 197892
20.900000 197892
21.000000 197892
21.100000 197892
21.200001 197892
21.299999 197892
21.400000 197892
21.500000 197892
21.600000 197892
21.700001 197892
21.799999 197860
21.900000 197860
22.000000 197924
22.100000 197924
22.200001 197924
22.299999 197924
22.400000 197924
22.500000 197924
22.600000 197924
22.700001 197892
22.799999 197892
22.900000 197892
23.000000 197892
23.100000 197892
23.200001 197892
23.299999 197892
23.400000 197892
23.500000 197892
23.600000 197892
23.700001 197892
23.799999 197892
23.900000 197892
24.000000 197892
24.100000 197892
24.200001 197892
24.299999 197892
24.400000 197892
24.500000 197892
24.600000 197892
24.700001 197856
24.799999 197856
24.900000 197856
25.000000 197856
25.100000 197856
25.200001 197856
25.299999 197856
25.400000 197856
25.500000 197856
25.600000 197856
25.700001 197856
25.799999 197888
25.900000 197888
26.000000 197888
26.100000 197888
26.200001 197888
26.299999 197888
26.400000 197888
26.500000 197888
26.600000 197888
26.700001 197856
26.799999 197856
26.900000 197856
27.000000 197856
27.100000 197856
27.200001 197856
27.299999 197856
27.400000 197856
27.500000 197856
27.600000 197856
27.700001 197856
27.799999 197856
27.900000 197856
28.000000 197856
28.100000 197856
28.200001 197856
28.299999 197856
28.400000 197856
28.500000 197856
28.600000 197856
28.700001 197888
28.799999 197888
28.900000 197888
29.000000 197888
29.100000 197888
29.200001 197888
29.299999 197888
29.400000 197888
29.500000 197888
29.600000 197888
29.700001 197856
29.799999 197856
29.900000 197856
30.000000 197856
30.100000 197856
30.200001 197856
30.299999 197856
30.400000 197856
30.500000 197856
30.600000 197856
30.700001 197848
30.799999 197848
30.900000 197848
31.000000 197848
31.100000 197848
31.200001 197848
31.299999 197848
31.400000 197848
31.500000 197848
31.600000 197848
31.700001 197880
31.799999 197880
31.900000 197880
32.000000 197880
32.099998 197880
32.200001 197880
32.299999 197880
32.400002 197880
32.500000 197880
32.599998 197880
32.700001 197848
32.799999 197848
32.900002 197848
33.000000 197848
33.099998 197848
33.200001 197912
33.299999 197912
33.400002 197912
33.500000 197912
33.599998 197912
33.700001 197880
33.799999 197880
33.900002 197880
34.000000 197880
34.099998 197880
34.200001 197880
34.299999 197880
34.400002 197880
34.500000 197880
34.599998 197880
34.700001 197848
34.799999 197848
34.900002 197848
35.000000 197848
35.099998 197848
35.200001 197848
35.299999 197848
35.400002 197848
35.500000 197848
35.599998 197848
35.700001 197848
35.799999 197848
35.900002 197848
36.000000 197848
36.099998 197848
36.200001 197848
36.299999 197848
36.400002 197848
36.500000 197848
36.599998 197848
36.700001 197880
36.799999 197880
36.900002 197880
37.000000 197880
37.099998 197880
37.200001 197880
37.299999 197880
37.400002 197880
37.500000 197880
37.599998 197880
37.700001 197848
37.799999 197848
37.900002 197848
38.000000 197848
38.099998 197848
38.200001 197848
38.299999 197848
38.400002 197848
38.500000 197848
38.599998 197848
38.700001 197848
38.799999 197848
38.900002 197848
39.000000 197848
39.099998 197848
39.200001 197848
39.299999 197848
39.400002 197848
39.500000 197848
39.599998 197848
39.700001 197872
39.799999 197872
39.900002 197872
40.000000 197872
40.099998 197872
40.200001 197872
40.299999 197872
40.400002 197872
40.500000 197872
40.599998 197872
40.700001 197840
40.799999 197840
40.900002 197840
41.000000 197840
41.099998 197840
41.200001 197840
41.299999 197840
41.400002 197840
41.500000 197840
41.599998 197840
41.700001 197840
41.799999 197840
41.900002 197840
42.000000 197840
42.099998 197840
42.200001 197840
42.299999 197840
42.400002 197840
42.500000 197840
42.599998 197840
42.700001 197808
42.799999 197808
42.900002 197872
43.000000 197872
43.099998 197872
43.200001 197872
43.299999 197872
43.400002 197872
43.500000 197872
43.599998 197872
43.700001 197840
43.799999 197840
43.900002 197840
44.000000 197840
44.099998 197840
44.200001 197840
44.299999 197840
44.400002 197840
44.500000 197904
44.599998 197904
44.700001 197872
44.799999 197872
44.900002 197872
45.000000 197872
45.099998 197872
45.200001 197872
45.299999 197872
45.400002 197872
45.500000 197872
45.599998 197872
45.700001 197840
45.799999 197840
45.900002 197840
46.000000 197840
46.099998 197840
46.200001 197840
46.299999 197840
46.400002 197840
46.500000 197840
46.599998 197840
46.700001 197840
46.799999 197840
46.900002 197840
47.000000 197840
47.099998 197840
47.200001 197840
47.299999 197840
47.400002 197840
47.500000 197840
47.599998 197840
47.700001 197872
47.799999 197872
47.900002 197872
48.000000 197872
48.099998 197872
48.200001 197872
48.299999 197872
48.400002 197872
48.500000 197872
48.599998 197872
48.700001 197840
48.799999 197840
48.900002 197840
49.000000 197840
49.099998 197840
49.200001 197840
49.299999 197840
49.400002 197840
49.500000 197840
49.599998 197840
49.700001 197836
49.799999 197836
49.900002 197836
50.000000 197836
50.099998 197836
50.200001 197836
50.299999 197836
50.400002 197836
50.500000 197836
50.599998 197836
50.700001 197804
50.799999 197804
50.900002 197868
51.000000 197868
51.099998 197868
51.200001 197868
51.299999 197868
51.400002 197868
51.500000 197868
51.599998 197868
51.700001 197836
51.799999 197836
51.900002 197836
52.000000 197836
52.099998 197836
52.200001 197836
52.299999 197836
52.400002 197836
52.500000 197836
52.599998 197836
52.700001 197836
52.799999 197836
52.900002 197836
53.000000 197836
53.099998 197836
53.200001 197836
53.299999 197836
53.400002 197836
53.500000 197836
53.599998 197836
53.700001 197804
53.799999 197804
53.900002 197804
54.000000 197804
54.099998 197868
54.200001 197868
54.299999 197868
54.400002 197868
54.500000 197868
54.599998 197868
54.700001 197836
54.799999 197836
54.900002 197836
55.000000 197836
55.099998 197836
55.200001 197836
55.299999 197836
55.400002 197836
55.500000 197836
55.599998 197836
55.700001 197892
55.799999 197892
55.900002 197892
56.000000 197892
56.099998 197892
56.200001 197892
56.299999 197892
56.400002 197892
56.500000 197892
56.599998 197892
56.700001 197860
56.799999 197860
56.900002 197860
57.000000 197860
57.099998 197860
57.200001 197860
57.299999 197860
57.400002 197860
57.500000 197860
57.599998 197860
57.700001 197860
57.799999 197860
57.900002 197860
58.000000 197860
58.099998 197860
58.200001 197860
58.299999 197860
58.400002 197860
58.500000 197860
58.599998 197860
58.700001 197828
58.799999 197828
58.900002 197828
59.000000 197828
59.099998 197828
59.200001 197828
59.299999 197828
59.400002 197828
59.500000 197828
59.599998 197828
59.700001 197860
59.799999 197860
59.900002 197860
60.000000 197860
60.099998 197860
60.200001 197860
60.299999 197860
60.400002 197860
60.500000 197860
60.599998 197860
60.700001 197860
60.799999 197860
60.900002 197860
61.000000 197860
61.099998 197860
61.200001 197860
61.299999 197860
61.400002 197860
61.500000 197860
61.599998 197860
61.700001 197828
61.799999 197828
61.900002 197828
62.000000 197828
62.099998 197828
62.200001 197828
62.299999 197828
62.400002 197828
62.500000 197828
62.599998 197828
62.700001 197860
62.799999 197860
62.900002 197860
63.000000 197860
63.099998 197860
63.200001 197860
63.299999 197860
63.400002 197860
63.500000 197860
63.599998 197860
63.700001 197828
63.799999 197892
63.900002 197892
64.000000 197892
64.099998 197892
64.199997 197892
64.300003 197892
64.400002 197892
64.500000 197892
64.599998 197892
64.699997 197860
64.800003 197860
64.900002 197860
65.000000 197860
65.099998 197860
65.199997 197860
65.300003 197860
65.400002 197860
65.500000 197860
65.599998 197860
65.699997 197860
65.800003 197860
65.900002 197860
66.000000 197860
66.099998 197860
66.199997 197860
66.300003 197860
66.400002 197860
66.500000 197860
66.599998 197860
66.699997 197828
66.800003 197828
66.900002 197828
67.000000 197828
67.099998 197828
67.199997 197828
67.300003 197828
67.400002 197828
67.500000 197828
67.599998 197828
67.699997 197860
67.800003 197860
67.900002 197860
68.000000 197860
68.099998 197860
68.199997 197860
68.300003 197860
68.400002 197860
68.500000 197860
68.599998 197860
68.699997 197860
68.800003 197860
68.900002 197860
69.000000 197860
69.099998 197860
69.199997 197860
69.300003 197860
69.400002 197860
69.500000 197860
69.599998 197860
69.699997 197828
69.800003 197828
69.900002 197828
70.000000 197828
70.099998 197828
70.199997 197828
70.300003 197828
70.400002 197828
70.500000 197828
70.599998 197828
70.699997 197860
70.800003 197860
70.900002 197860
71.000000 197860
71.099998 197860
71.199997 197860
71.300003 197860
71.400002 197860
71.500000 197860
71.599998 197860
71.699997 197828
71.800003 197828
71.900002 197828
72.000000 197828
72.099998 197828
72.199997 197828
72.300003 197828
72.400002 197828
72.500000 197828
72.599998 197828
72.699997 197828
72.800003 197828
72.900002 197828
73.000000 197828
73.099998 197828
73.199997 197828
73.300003 197828
73.400002 197828
73.500000 197828
73.599998 197828
73.699997 197856
73.800003 197856
73.900002 197856
74.000000 197856
74.099998 197856
74.199997 197856
74.300003 197856
74.400002 197856
74.500000 197856
74.599998 197856
74.699997 197824
74.800003 197824
74.900002 197824
75.000000 197824
75.099998 197888
75.199997 197888
75.300003 197888
75.400002 197888
75.500000 197888
75.599998 197856
75.699997 197856
75.800003 197856
75.900002 197856
76.000000 197856
76.099998 197856
76.199997 197856
76.300003 197856
76.400002 197856
76.500000 197856
76.599998 197824
76.699997 197824
76.800003 197824
76.900002 197824
77.000000 197824
77.099998 197824
77.199997 197824
77.300003 197824
77.400002 197824
77.500000 197824
77.599998 197824
77.699997 197824
77.800003 197824
77.900002 197824
78.000000 197824
78.099998 197824
78.199997 197824
78.300003 197824
78.400002 197824
78.500000 197824
78.599998 197856
78.699997 197848
78.800003 197848
78.900002 197848
79.000000 197848
79.099998 197848
79.199997 197848
79.300003 197848
79.400002 197848
79.500000 197848
79.599998 197848
79.699997 197848
79.800003 197848
79.900002 197848
80.000000 197848
80.099998 197848
80.199997 197848
80.300003 197848
80.400002 197848
80.500000 197848
80.599998 197848
80.699997 197816
80.800003 197816
80.900002 197816
81.000000 197816
81.099998 197816
81.199997 197816
81.300003 197816
81.400002 197816
81.500000 197816
81.599998 197816
81.699997 197816
81.800003 197816
81.900002 197816
82.000000 197816
82.099998 197816
82.199997 197816
82.300003 197816
82.400002 197816
82.500000 197816
82.599998 197816
82.699997 197816
82.800003 197816
82.900002 197816
83.000000 197816
83.099998 197816
83.199997 197816
83.300003 197816
83.400002 197816
83.500000 197816
83.599998 197816
83.699997 197816
83.800003 197816
83.900002 197816
84.000000 197816
84.099998 197816
84.199997 197816
84.300003 197816
84.400002 197816
84.500000 197816
84.599998 197816
84.699997 197784
84.800003 197784
84.900002 197848
85.000000 197848
85.099998 197848
85.199997 197848
85.300003 197848
85.400002 197848
85.500000 197848
85.599998 197848
85.699997 197848
85.800003 197848
85.900002 197848
86.000000 197848
86.099998 197848
86.199997 197848
86.300003 197848
86.400002 197848
86.500000 197848
86.599998 197808
86.699997 197808
86.800003 197808
86.900002 197808
87.000000 197808
87.099998 197808
87.199997 197808
87.300003 197808
87.400002 197808
87.500000 197808
87.599998 197808
87.699997 197808
87.800003 197808
87.900002 197808
88.000000 197808
88.099998 197808
88.199997 197808
88.300003 197808
88.400002 197808
88.500000 197808
88.599998 197808
88.699997 197808
88.800003 197808
88.900002 197808
89.000000 197808
89.099998 197808
89.199997 197808
89.300003 197808
89.400002 197808
89.500000 197808
89.599998 197808
89.699997 197808
89.800003 197808
89.900002 197808
90.000000 197808
90.099998 197808
90.199997 197808
90.300003 197808
90.400002 197808
90.500000 197808
90.599998 197776
90.699997 197776
90.800003 197776
90.900002 197776
91.000000 197776
91.099998 197776
91.199997 197840
91.300003 197840
91.400002 197840
91.500000 197840
91.599998 197840
91.699997 197840
91.800003 197840
91.900002 197840
92.000000 197840
92.099998 197840
92.199997 197840
92.300003 197840
92.400002 197840
92.500000 197840
92.599998 197840
92.699997 197808
92.800003 197808
92.900002 197808
93.000000 197808
93.099998 197808
93.199997 197808
93.300003 197808
93.400002 197808
93.500000 197808
93.599998 197808
93.699997 197808
93.800003 197808
93.900002 197808
94.000000 197808
94.099998 197808
94.199997 197808
94.300003 197872
94.400002 197872
94.500000 197872
94.599998 197840
94.699997 197840
94.800003 197840
94.900002 197840
95.000000 197840
95.099998 197840
95.199997 197840
95.300003 197840
95.400002 197840
95.500000 197840
95.599998 197840
95.699997 197840
95.800003 197840
95.900002 197840
96.000000 197840
96.099998 197840
96.199997 197840
96.300003 197840
96.400002 197840
96.500000 197840
96.599998 197840
96.699997 197808
96.800003 197808
96.900002 197808
97.000000 197808
97.099998 197808
97.199997 197808
97.300003 197808
97.400002 197840
97.500000 197840
97.599998 197840
97.699997 197836
97.800003 197836
97.900002 197836
98.000000 197836
98.099998 197836
98.199997 197836
98.300003 197836
98.400002 197836
98.500000 197836
98.599998 197804
98.699997 197804
98.800003 197804
98.900002 197804
99.000000 197804
99.099998 197804
99.199997 197804
99.300003 197804
99.400002 197804
99.500000 197804
99.599998 197804
99.699997 197804
99.800003 197804
99.900002 197804
100.000000 197804
100.099998 197804
100.199997 197804
100.300003 197804
100.400002 197804
100.500000 197804
100.599998 197804
100.699997 197836
100.800003 197836
100.900002 197836
101.000000 197836
101.099998 197836
101.199997 197836
101.300003 197836
101.400002 197836
101.500000 197836
101.599998 197836
101.699997 197836
101.800003 197836
101.900002 197836
102.000000 197836
102.099998 197836
102.199997 197836
102.300003 197836
102.400002 197836
102.500000 197836
102.599998 197804
102.699997 197796
102.800003 197796
102.900002 197796
103.000000 197796
103.099998 197796
103.199997 197796
103.300003 197796
103.400002 197796
103.500000 197796
103.599998 197796
103.699997 197828
103.800003 197828
103.900002 197828
104.000000 197828
104.099998 197828
104.199997 197828
104.300003 197828
104.400002 197828
104.500000 197828
104.599998 197828
104.699997 197796
104.800003 197796
104.900002 197796
105.000000 197796
105.099998 197796
105.199997 197796
105.300003 197796
105.400002 197796
105.500000 197796
105.599998 197796
105.699997 197796
105.800003 197796
105.900002 197796
106.000000 197796
106.099998 197796
106.199997 197796
106.300003 197796
106.400002 197796
106.500000 197796
106.599998 197764
106.699997 197764
106.800003 197828
106.900002 197828
107.000000 197828
107.099998 197828
107.199997 197828
107.300003 197828
107.400002 197828
107.500000 197828
107.599998 197828
107.699997 197828
107.800003 197828
107.900002 197828
108.000000 197828
108.099998 197828
108.199997 197828
108.300003 197828
108.400002 197828
108.500000 197828
108.599998 197828
108.699997 197828
108.800003 197796
108.900002 197796
109.000000 197796
109.099998 197796
109.199997 197796
109.300003 197796
109.400002 197796
109.500000 197796
109.599998 197796
109.699997 197796
109.800003 197796
109.900002 197796
110.000000 197796
110.099998 197796
110.199997 197796
110.300003 197796
110.400002 197796
110.500000 197796
110.599998 197764
110.699997 197828
110.800003 197828
110.900002 197828
111.000000 197828
111.099998 197828
111.199997 197828
111.300003 197828
111.400002 197828
111.500000 197828
111.599998 197796
111.699997 197796
111.800003 197796
111.900002 197796
112.000000 197796
112.099998 197796
112.199997 197796
112.300003 197860
112.400002 197860
112.500000 197860
112.599998 197828
112.699997 197828
112.800003 197828
112.900002 197828
113.000000 197828
113.099998 197828
113.199997 197828
113.300003 197828
113.400002 197828
113.500000 197828
113.599998 197796
113.699997 197796
113.800003 197796
113.900002 197796
114.000000 197796
114.099998 197796
114.199997 197828
114.300003 197828
114.400002 197828
114.500000 197828
114.599998 197828
114.699997 197828
114.800003 197828
114.900002 197828
115.000000 197828
115.099998 197828
115.199997 197828
115.300003 197828
115.400002 197828
115.500000 197828
115.599998 197796
115.699997 197796
115.800003 197796
115.900002 197796
116.000000 197796
116.099998 197796
116.199997 197796
116.300003 197796
116.400002 197796
116.500000 197796
116.599998 197796
116.699997 197796
116.800003 197796
116.900002 197796
117.000000 197796
117.099998 197796
117.199997 197796
117.300003 197796
117.400002 197796
117.500000 197796
117.599998 197828
117.699997 197828
117.800003 197828
117.900002 197828
118.000000 197828
118.099998 197828
118.199997 197828
118.300003 197828
118.400002 197828
118.500000 197828
118.599998 197828
118.699997 197828
118.800003 197828
118.900002 197828
119.000000 197828
119.099998 197828
119.199997 197828
119.300003 197828
119.400002 197828
119.500000 197828
119.599998 197796
119.699997 197796
119.800003 197796
119.900002 197796
120.000000 197796
