0.000000 197796
0.100000 197796
0.200000 197796
0.300000 197828
0.400000 197828
0.500000 197828
0.600000 197844
0.700000 197844
0.800000 197844
0.900000 197844
1.000000 197844
1.100000 197844
1.200000 197844
1.300000 197844
1.400000 197844
1.500000 197844
1.600000 197812
1.700000 197812
1.800000 197812
1.900000 197812
2.000000 197812
2.100000 197812
2.200000 197812
2.300000 197812
2.400000 197812
2.500000 197812
2.600000 197812
2.700000 197812
2.800000 197812
2.900000 197812
3.000000 197812
3.100000 197812
3.200000 197812
3.300000 197812
3.400000 197812
3.500000 197812
3.600000 197844
3.700000 197844
3.800000 197844
3.900000 197844
4.000000 197844
4.100000 197844
4.200000 197844
4.300000 197844
4.400000 197844
4.500000 197844
4.600000 197844
4.700000 197844
4.800000 197844
4.900000 197844
5.000000 197844
5.100000 197844
5.200000 197844
5.300000 197844
5.400000 197844
5.500000 197844
5.600000 197812
5.700000 197804
5.800000 197804
5.900000 197804
6.000000 197804
6.100000 197804
6.200000 197804
6.300000 197804
6.400000 197804
6.500000 197836
6.600000 197836
6.700000 197836
6.800000 197836
6.900000 197836
7.000000 197836
7.100000 197836
7.200000 197836
7.300000 197836
7.400000 197836
7.500000 197836
7.600000 197804
7.700000 197804
7.800000 197804
7.900000 197804
8.000000 197804
8.100000 197804
8.200000 197804
8.300000 197804
8.400000 197804
8.500000 197804
8.600000 197804
8.700000 197804
8.800000 197804
8.900000 197804
9.000000 197804
9.100000 197804
9.200000 197804
9.300000 197804
9.400000 197804
9.500000 197804
9.600000 197772
9.700000 197836
9.800000 197836
9.900000 197836
10.000000 197836
10.100000 197836
10.200000 197836
10.300000 197836
10.400000 197836
10.500000 197836
10.600000 197836
10.700000 197836
10.800000 197836
10.900000 197836
11.000000 197836
11.100000 197836
11.200000 197836
11.300000 197836
11.400000 197836
11.500000 197836
11.600000 197804
11.700000 197804
11.800000 197804
11.900000 197804
12.000000 197804
12.100000 197804
12.200000 197804
12.300000 197804
12.400000 197804
12.500000 197804
12.600000 197804
12.700000 197804
12.800000 197868
12.900000 197868
13.000000 197868
13.100000 197868
13.200000 197868
13.300000 197868
13.400000 197868
13.500000 197868
13.600000 197836
13.700000 197836
13.800000 197836
13.900000 197836
14.000000 197836
14.100000 197836
14.200000 197836
14.300000 197836
14.400000 197836
14.500000 197836
14.600000 197836
14.700000 197836
14.800000 197836
14.900000 197836
15.000000 197836
15.100000 197836
15.200000 197836
15.300000 197836
15.400000 197836
15.500000 197836
15.600000 197804
15.700000 197804
15.800000 197804
15.900000 197804
16.000000 197836
16.100000 197836
16.200001 197836
16.299999 197836
16.400000 197836
16.500000 197836
16.600000 197836
16.700001 197836
16.799999 197836
16.900000 197836
17.000000 197836
17.100000 197836
17.200001 197836
17.299999 197836
17.400000 197836
17.500000 197836
17.600000 197804
17.700001 197804
17.799999 197804
17.900000 197804
18.000000 197804
18.100000 197804
18.200001 197804
18.299999 197804
18.400000 197804
18.500000 197804
18.600000 197804
18.700001 197804
18.799999 197804
18.900000 197804
19.000000 197804
19.100000 197804
19.200001 197804
19.299999 197804
19.400000 197804
19.500000 197804
19.600000 197836
19.700001 197836
19.799999 197836
19.900000 197836
20.000000 197836
20.100000 197836
20.200001 197836
20.299999 197836
20.400000 197836
20.500000 197836
20.600000 197836
20.700001 197836
20.799999 197836
20.900000 197836
21.000000 197836
21.100000 197836
21.200001 197836
21.299999 197836
21.400000 197836
21.500000 197836
21.600000 197804
21.700001 197804
21.799999 197804
21.900000 197804
22.000000 197804
22.100000 197804
22.200001 197836
22.299999 197836
22.400000 197836
22.500000 197836
22.600000 197836
22.700001 197836
22.799999 197836
22.900000 197836
23.000000 197836
23.100000 197836
23.200001 197836
23.299999 197836
23.400000 197836
23.500000 197836
23.600000 197804
23.700001 197804
23.799999 197804
23.900000 197804
24.000000 197804
24.100000 197804
24.200001 197804
24.299999 197804
24.400000 197804
24.500000 197804
24.600000 197804
24.700001 197804
24.799999 197804
24.900000 197804
25.000000 197804
25.100000 197804
25.200001 197804
25.299999 197804
25.400000 197804
25.500000 197804
25.600000 197832
25.700001 197832
25.799999 197832
25.900000 197832
26.000000 197832
26.100000 197832
26.200001 197832
26.299999 197832
26.400000 197832
26.500000 197832
26.600000 197832
26.700001 197832
26.799999 197832
26.900000 197832
27.000000 197832
27.100000 197832
27.200001 197832
27.299999 197832
27.400000 197832
27.500000 197832
27.600000 197800
27.700001 197800
27.799999 197800
27.900000 197800
28.000000 197800
28.100000 197800
28.200001 197800
28.299999 197800
28.400000 197832
28.500000 197832
28.600000 197832
28.700001 197832
28.799999 197832
28.900000 197832
29.000000 197832
29.100000 197832
29.200001 197832
29.299999 197832
29.400000 197832
29.500000 197832
29.600000 197800
29.700001 197800
29.799999 197800
29.900000 197800
30.000000 197800
30.100000 197800
30.200001 197800
30.299999 197800
30.400000 197800
30.500000 197800
30.600000 197800
30.700001 197800
30.799999 197800
30.900000 197800
31.000000 197800
31.100000 197800
31.200001 197800
31.299999 197800
31.400000 197800
31.500000 197800
31.600000 197824
31.700001 197824
31.799999 197824
31.900000 197824
32.000000 197824
32.099998 197824
32.200001 197824
32.299999 197824
32.400002 197824
32.500000 197824
32.599998 197824
32.700001 197824
32.799999 197824
32.900002 197824
33.000000 197824
33.099998 197824
33.200001 197824
33.299999 197824
33.400002 197824
33.500000 197824
33.599998 197792
33.700001 197792
33.799999 197792
33.900002 197792
34.000000 197792
34.099998 197792
34.200001 197792
34.299999 197792
34.400002 197792
34.500000 197792
34.599998 197792
34.700001 197856
34.799999 197856
34.900002 197856
35.000000 197856
35.099998 197856
35.200001 197856
35.299999 197856
35.400002 197856
35.500000 197856
35.599998 197824
35.700001 197824
35.799999 197824
35.900002 197824
36.000000 197824
36.099998 197824
36.200001 197824
36.299999 197824
36.400002 197824
36.500000 197824
36.599998 197824
36.700001 197824
36.799999 197824
36.900002 197824
37.000000 197824
37.099998 197824
37.200001 197824
37.299999 197824
37.400002 197824
37.500000 197824
37.599998 197784
37.700001 197784
37.799999 197784
37.900002 197816
38.000000 197816
38.099998 197816
38.200001 197816
38.299999 197816
38.400002 197816
38.500000 197816
38.599998 197816
38.700001 197816
38.799999 197816
38.900002 197816
39.000000 197816
39.099998 197816
39.200001 197816
39.299999 197816
39.400002 197816
39.500000 197816
39.599998 197784
39.700001 197784
39.799999 197784
39.900002 197784
40.000000 197784
40.099998 197784
40.200001 197784
40.299999 197784
40.400002 197784
40.500000 197784
40.599998 197784
40.700001 197784
40.799999 197784
40.900002 197784
41.000000 197784
41.099998 197784
41.200001 197784
41.299999 197784
41.400002 197784
41.500000 197784
41.599998 197816
41.700001 197816
41.799999 197816
41.900002 197816
42.000000 197816
42.099998 197816
42.200001 197816
42.299999 197816
42.400002 197816
42.500000 197816
42.599998 197776
42.700001 197776
42.799999 197776
42.900002 197776
43.000000 197776
43.099998 197776
43.200001 197776
43.299999 197776
43.400002 197776
43.500000 197776
43.599998 197776
43.700001 197776
43.799999 197776
43.900002 197776
44.000000 197776
44.099998 197776
44.200001 197776
44.299999 197776
44.400002 197776
44.500000 197776
44.599998 197808
44.700001 197808
44.799999 197808
44.900002 197808
45.000000 197808
45.099998 197808
45.200001 197808
45.299999 197808
45.400002 197808
45.500000 197808
45.599998 197776
45.700001 197776
45.799999 197776
45.900002 197776
46.000000 197776
46.099998 197776
46.200001 197776
46.299999 197776
46.400002 197776
46.500000 197776
46.599998 197776
46.700001 197776
46.799999 197776
46.900002 197776
47.000000 197776
47.099998 197776
47.200001 197776
47.299999 197776
47.400002 197776
47.500000 197776
47.599998 197744
47.700001 197744
47.799999 197808
47.900002 197808
48.000000 197808
48.099998 197808
48.200001 197808
48.299999 197808
48.400002 197808
48.500000 197808
48.599998 197776
48.700001 197776
48.799999 197776
48.900002 197776
49.000000 197776
49.099998 197776
49.200001 197776
49.299999 197776
49.400002 197840
49.500000 197840
49.599998 197804
49.700001 197804
49.799999 197804
49.900002 197804
50.000000 197804
50.099998 197804
50.200001 197804
50.299999 197804
50.400002 197804
50.500000 197804
50.599998 197772
50.700001 197772
50.799999 197772
50.900002 197772
51.000000 197772
51.099998 197772
51.200001 197772
51.299999 197772
51.400002 197772
51.500000 197772
51.599998 197772
51.700001 197772
51.799999 197772
51.900002 197772
52.000000 197772
52.099998 197772
52.200001 197772
52.299999 197772
52.400002 197772
52.500000 197772
52.599998 197804
52.700001 197804
52.799999 197804
52.900002 197804
53.000000 197804
53.099998 197804
53.200001 197804
53.299999 197804
53.400002 197804
53.500000 197804
53.599998 197772
53.700001 197772
53.799999 197772
53.900002 197772
54.000000 197772
54.099998 197772
54.200001 197772
54.299999 197772
54.400002 197772
54.500000 197772
54.599998 197768
54.700001 197768
54.799999 197768
54.900002 197768
55.000000 197768
55.099998 197768
55.200001 197768
55.299999 197768
55.400002 197768
55.500000 197768
55.599998 197764
55.700001 197764
55.799999 197764
55.900002 197764
56.000000 197764
56.099998 197764
56.200001 197764
56.299999 197764
56.400002 197764
56.500000 197764
56.599998 197796
56.700001 197796
56.799999 197796
56.900002 197796
57.000000 197796
57.099998 197796
57.200001 197796
57.299999 197796
57.400002 197796
57.500000 197796
57.599998 197796
57.700001 197796
57.799999 197796
57.900002 197796
58.000000 197796
58.099998 197796
58.200001 197796
58.299999 197796
58.400002 197796
58.500000 197796
58.599998 197764
58.700001 197764
58.799999 197764
58.900002 197764
59.000000 197764
59.099998 197764
59.200001 197764
59.299999 197764
59.400002 197764
59.500000 197764
59.599998 197796
59.700001 197796
59.799999 197796
59.900002 197796
60.000000 197796
60.099998 197796
60.200001 197796
60.299999 197796
60.400002 197796
60.500000 197764
60.599998 197828
60.700001 197828
60.799999 197828
60.900002 197828
61.000000 197828
61.099998 197828
61.200001 197828
61.299999 197828
61.400002 197828
61.500000 197828
61.599998 197796
61.700001 197796
61.799999 197796
61.900002 197796
62.000000 197796
62.099998 197796
62.200001 197796
62.299999 197796
62.400002 197796
62.500000 197796
62.599998 197796
62.700001 197796
62.799999 197796
62.900002 197796
63.000000 197796
63.099998 197796
63.200001 197796
63.299999 197796
63.400002 197796
63.500000 197796
63.599998 197764
63.700001 197764
63.799999 197764
63.900002 197764
64.000000 197764
64.099998 197764
64.199997 197764
64.300003 197764
64.400002 197764
64.500000 197796
64.599998 197796
64.699997 197796
64.800003 197796
64.900002 197796
65.000000 197796
65.099998 197796
65.199997 197796
65.300003 197796
65.400002 197796
65.500000 197796
65.599998 197796
65.699997 197796
65.800003 197796
65.900002 197796
66.000000 197796
66.099998 197796
66.199997 197796
66.300003 197796
66.400002 197796
66.500000 197796
66.599998 197764
66.699997 197764
66.800003 197764
66.900002 197764
67.000000 197764
67.099998 197764
67.199997 197764
67.300003 197764
67.400002 197764
67.500000 197796
67.599998 197796
67.699997 197796
67.800003 197796
67.900002 197796
68.000000 197796
68.099998 197796
68.199997 197796
68.300003 197796
68.400002 197796
68.500000 197764
68.599998 197764
68.699997 197764
68.800003 197764
68.900002 197764
69.000000 197764
69.099998 197764
69.199997 197764
69.300003 197764
69.400002 197764
69.500000 197764
69.599998 197764
69.699997 197764
69.800003 197764
69.900002 197764
70.000000 197764
70.099998 197764
70.199997 197764
70.300003 197764
70.400002 197764
70.500000 197796
70.599998 197796
70.699997 197796
70.800003 197796
70.900002 197796
71.000000 197796
71.099998 197796
71.199997 197796
71.300003 197796
71.400002 197796
71.500000 197764
71.599998 197764
71.699997 197764
71.800003 197764
71.900002 197828
72.000000 197828
72.099998 197828
72.199997 197828
72.300003 197828
72.400002 197828
72.500000 197796
72.599998 197796
72.699997 197796
72.800003 197796
72.900002 197796
73.000000 197796
73.099998 197796
73.199997 197796
73.300003 197796
73.400002 197796
73.500000 197792
73.599998 197792
73.699997 197792
73.800003 197792
73.900002 197792
74.000000 197792
74.099998 197792
74.199997 197792
74.300003 197792
74.400002 197792
74.500000 197760
74.599998 197760
74.699997 197760
74.800003 197760
74.900002 197760
75.000000 197760
75.099998 197760
75.199997 197760
75.300003 197760
75.400002 197760
75.500000 197792
75.599998 197792
75.699997 197792
75.800003 197792
75.900002 197792
76.000000 197792
76.099998 197792
76.199997 197792
76.300003 197792
76.400002 197792
76.500000 197760
76.599998 197760
76.699997 197760
76.800003 197760
76.900002 197760
77.000000 197760
77.099998 197760
77.199997 197760
77.300003 197760
77.400002 197760
77.500000 197760
77.599998 197760
77.699997 197760
77.800003 197760
77.900002 197760
78.000000 197760
78.099998 197760
78.199997 197760
78.300003 197760
78.400002 197760
78.500000 197792
78.599998 197792
78.699997 197792
78.800003 197792
78.900002 197792
79.000000 197792
79.099998 197792
79.199997 197792
79.300003 197792
79.400002 197792
79.500000 197752
79.599998 197752
79.699997 197752
79.800003 197752
79.900002 197752
80.000000 197752
80.099998 197752
80.199997 197752
80.300003 197752
80.400002 197752
80.500000 197752
80.599998 197752
80.699997 197752
80.800003 197752
80.900002 197752
81.000000 197752
81.099998 197752
81.199997 197752
81.300003 197752
81.400002 197752
81.500000 197784
81.599998 197784
81.699997 197784
81.800003 197784
81.900002 197784
82.000000 197784
82.099998 197784
82.199997 197784
82.300003 197784
82.400002 197784
82.500000 197752
82.599998 197752
82.699997 197752
82.800003 197752
82.900002 197752
83.000000 197752
83.099998 197816
83.199997 197816
83.300003 197816
83.400002 197816
83.500000 197784
83.599998 197784
83.699997 197784
83.800003 197784
83.900002 197784
84.000000 197784
84.099998 197784
84.199997 197784
84.300003 197784
84.400002 197784
84.500000 197752
84.599998 197752
84.699997 197752
84.800003 197752
84.900002 197752
85.000000 197752
85.099998 197752
85.199997 197752
85.300003 197752
85.400002 197752
85.500000 197752
85.599998 197752
85.699997 197752
85.800003 197752
85.900002 197752
86.000000 197752
86.099998 197752
86.199997 197752
86.300003 197752
86.400002 197752
86.500000 197784
86.599998 197784
86.699997 197784
86.800003 197784
86.900002 197784
87.000000 197784
87.099998 197784
87.199997 197784
87.300003 197784
87.400002 197784
87.500000 197752
87.599998 197752
87.699997 197752
87.800003 197752
87.900002 197752
88.000000 197752
88.099998 197752
88.199997 197752
88.300003 197752
88.400002 197752
88.500000 197752
88.599998 197752
88.699997 197752
88.800003 197752
88.900002 197752
89.000000 197752
89.099998 197752
89.199997 197752
89.300003 197752
89.400002 197752
89.500000 197712
89.599998 197776
89.699997 197776
89.800003 197776
89.900002 197776
90.000000 197776
90.099998 197776
90.199997 197776
90.300003 197776
90.400002 197776
90.500000 197744
90.599998 197744
90.699997 197744
90.800003 197744
90.900002 197744
91.000000 197744
91.099998 197744
91.199997 197744
91.300003 197744
91.400002 197744
91.500000 197744
91.599998 197744
91.699997 197744
91.800003 197744
91.900002 197744
92.000000 197744
92.099998 197744
92.199997 197744
92.300003 197744
92.400002 197744
92.500000 197712
92.599998 197712
92.699997 197712
92.800003 197776
92.900002 197776
93.000000 197776
93.099998 197776
93.199997 197776
93.300003 197776
93.400002 197776
93.500000 197744
93.599998 197744
93.699997 197744
93.800003 197744
93.900002 197744
94.000000 197744
94.099998 197744
94.199997 197744
94.300003 197744
94.400002 197808
94.500000 197776
94.599998 197776
94.699997 197776
94.800003 197776
94.900002 197776
95.000000 197776
95.099998 197776
95.199997 197776
95.300003 197776
95.400002 197776
95.500000 197776
95.599998 197776
95.699997 197776
95.800003 197776
95.900002 197776
96.000000 197776
96.099998 197776
96.199997 197776
96.300003 197776
96.400002 197776
96.500000 197776
96.599998 197744
96.699997 197744
96.800003 197744
96.900002 197744
97.000000 197744
97.099998 197744
97.199997 197744
97.300003 197744
97.400002 197744
97.500000 197740
97.599998 197740
97.699997 197740
97.800003 197740
97.900002 197740
98.000000 197740
98.099998 197740
98.199997 197740
98.300003 197740
98.400002 197740
98.500000 197772
98.599998 197772
98.699997 197772
98.800003 197772
98.900002 197772
99.000000 197772
99.099998 197772
99.199997 197772
99.300003 197772
99.400002 197772
99.500000 197772
99.599998 197772
99.699997 197772
99.800003 197772
99.900002 197772
100.000000 197772
100.099998 197772
100.199997 197772
100.300003 197772
100.400002 197772
100.500000 197740
100.599998 197740
100.699997 197740
100.800003 197740
100.900002 197740
101.000000 197740
101.099998 197740
101.199997 197740
101.300003 197740
101.400002 197740
101.500000 197772
101.599998 197772
101.699997 197772
101.800003 197772
101.900002 197772
102.000000 197772
102.099998 197772
102.199997 197772
102.300003 197772
102.400002 197772
102.500000 197772
102.599998 197772
102.699997 197772
102.800003 197772
102.900002 197772
103.000000 197772
103.099998 197772
103.199997 197772
103.300003 197772
103.400002 197772
103.500000 197732
103.599998 197732
103.699997 197732
103.800003 197732
103.900002 197732
104.000000 197732
104.099998 197732
104.199997 197732
104.300003 197732
104.400002 197732
104.500000 197764
104.599998 197764
104.699997 197764
104.800003 197764
104.900002 197764
105.000000 197764
105.099998 197764
105.199997 197764
105.300003 197764
105.400002 197764
105.500000 197732
105.599998 197732
105.699997 197796
105.800003 197796
105.900002 197796
106.000000 197796
106.099998 197796
106.199997 197796
106.300003 197796
106.400002 197796
106.500000 197764
106.599998 197764
106.699997 197764
106.800003 197764
106.900002 197764
107.000000 197764
107.099998 197764
107.199997 197764
107.300003 197764
107.400002 197764
107.500000 197764
107.599998 197764
107.699997 197764
107.800003 197764
107.900002 197764
108.000000 197764
108.099998 197764
108.199997 197764
108.300003 197764
108.400002 197764
108.500000 197732
108.599998 197732
108.699997 197732
108.800003 197732
108.900002 197732
109.000000 197732
109.099998 197732
109.199997 197732
109.300003 197732
109.400002 197732
109.500000 197764
109.599998 197764
109.699997 197764
109.800003 197764
109.900002 197764
110.000000 197764
110.099998 197764
110.199997 197764
110.300003 197764
110.400002 197764
110.500000 197764
110.599998 197764
110.699997 197764
110.800003 197764
110.900002 197764
111.000000 197764
111.099998 197764
111.199997 197764
111.300003 197764
111.400002 197764
111.500000 197732
111.599998 197732
111.699997 197732
111.800003 197732
111.900002 197732
112.000000 197732
112.099998 197732
112.199997 197700
112.300003 197700
112.400002 197700
112.500000 197764
112.599998 197764
112.699997 197764
112.800003 197764
112.900002 197764
113.000000 197764
113.099998 197764
113.199997 197764
113.300003 197764
113.400002 197764
113.500000 197764
113.599998 197764
113.699997 197764
113.800003 197764
113.900002 197764
114.000000 197764
114.099998 197764
114.199997 197732
114.300003 197732
114.400002 197732
114.500000 197732
114.599998 197732
114.699997 197732
114.800003 197732
114.900002 197732
115.000000 197732
115.099998 197732
115.199997 197732
115.300003 197732
115.400002 197732
115.500000 197732
115.599998 197732
115.699997 197732
115.800003 197732
115.900002 197732
116.000000 197732
116.099998 197732
116.199997 197732
116.300003 197732
116.400002 197732
116.500000 197732
116.599998 197732
116.699997 197732
116.800003 197732
116.900002 197732
117.000000 197732
117.099998 197732
117.199997 197732
117.300003 197732
117.400002 197732
117.500000 197732
117.599998 197732
117.699997 197732
117.800003 197732
117.900002 197732
118.000000 197732
118.099998 197732
118.199997 197732
118.300003 197732
118.400002 197732
118.500000 197700
118.599998 197700
118.699997 197700
118.800003 197764
118.900002 197764
119.000000 197764
119.099998 197764
119.199997 197764
119.300003 197764
119.400002 197764
119.500000 197764
119.599998 197764
119.699997 197764
119.800003 197764
119.900002 197764
120.000000 197764
