0.000000 206348
0.100000 206348
0.200000 206364
0.300000 206364
0.400000 206364
0.500000 206364
0.600000 206364
0.700000 206364
0.800000 206364
0.900000 206364
1.000000 206396
1.100000 206396
1.200000 206396
1.300000 206396
1.400000 206396
1.500000 206396
1.600000 206396
1.700000 206396
1.800000 206396
1.900000 206396
2.000000 206396
2.100000 206396
2.200000 206396
2.300000 206396
2.400000 206396
2.500000 206396
2.600000 206396
2.700000 206396
2.800000 206396
2.900000 206396
3.000000 206396
3.100000 206396
3.200000 206396
3.300000 206388
3.400000 206388
3.500000 206388
3.600000 206388
3.700000 206388
3.800000 206388
3.900000 206388
4.000000 206388
4.100000 206388
4.200000 206356
4.300000 206356
4.400000 206356
4.500000 206356
4.600000 206356
4.700000 206356
4.800000 206356
4.900000 206356
5.000000 206356
5.100000 206356
5.200000 206388
5.300000 206388
5.400000 206388
5.500000 206388
5.600000 206388
5.700000 206388
5.800000 206388
5.900000 206388
6.000000 206388
6.100000 206388
6.200000 206356
6.300000 206356
6.400000 206356
6.500000 206356
6.600000 206356
6.700000 206356
6.800000 206356
6.900000 206356
7.000000 206356
7.100000 206356
7.200000 206356
7.300000 206356
7.400000 206356
7.500000 206356
7.600000 206356
7.700000 206356
7.800000 206356
7.900000 206356
8.000000 206356
8.100000 206356
8.200000 206388
8.300000 206388
8.400000 206388
8.500000 206388
8.600000 206388
8.700000 206388
8.800000 206388
8.900000 206388
9.000000 206388
9.100000 206388
9.200000 206388
9.300000 206388
9.400000 206388
9.500000 206388
9.600000 206388
9.700000 206388
9.800000 206388
9.900000 206388
10.000000 206388
10.100000 206388
10.200000 206388
10.300000 206388
10.400000 206388
10.500000 206388
10.600000 206356
10.700000 206356
10.800000 206356
10.900000 206356
11.000000 206420
11.100000 206420
11.200000 206420
11.300000 206420
11.400000 206420
11.500000 206420
11.600000 206420
11.700000 206420
11.800000 206420
11.900000 206420
12.000000 206420
12.100000 206420
12.200000 206388
12.300000 206388
12.400000 206388
12.500000 206388
12.600000 206388
12.700000 206388
12.800000 206388
12.900000 206388
13.000000 206388
13.100000 206388
13.200000 206388
13.300000 206388
13.400000 206388
13.500000 206388
13.600000 206388
13.700000 206388
13.800000 206388
13.900000 206388
14.000000 206388
14.100000 206388
14.200000 206388
14.300000 206388
14.400000 206388
14.500000 206388
14.600000 206388
14.700000 206388
14.800000 206388
14.900000 206388
15.000000 206388
15.100000 206388
15.200000 206388
15.300000 206388
15.400000 206388
15.500000 206388
15.600000 206388
15.700000 206388
15.800000 206388
15.900000 206388
16.000000 206388
16.100000 206388
16.200001 206356
16.299999 206356
16.400000 206356
16.500000 206356
16.600000 206356
16.700001 206356
16.799999 206356
16.900000 206356
17.000000 206356
17.100000 206356
17.200001 206356
17.299999 206348
17.400000 206348
17.500000 206348
17.600000 206348
17.700001 206348
17.799999 206348
17.900000 206348
18.000000 206348
18.100000 206348
18.200001 206380
18.299999 206380
18.400000 206380
18.500000 206380
18.600000 206380
18.700001 206380
18.799999 206380
18.900000 206380
19.000000 206380
19.100000 206380
19.200001 206380
19.299999 206380
19.400000 206348
19.500000 206348
19.600000 206348
19.700001 206348
19.799999 206348
19.900000 206348
20.000000 206348
20.100000 206348
20.200001 206348
20.299999 206348
20.400000 206348
20.500000 206348
20.600000 206348
20.700001 206348
20.799999 206348
20.900000 206348
21.000000 206348
21.100000 206348
21.200001 206380
21.299999 206380
21.400000 206380
21.500000 206380
21.600000 206380
21.700001 206380
21.799999 206380
21.900000 206380
22.000000 206380
22.100000 206380
22.200001 206348
22.299999 206348
22.400000 206348
22.500000 206348
22.600000 206348
22.700001 206348
22.799999 206348
22.900000 206348
23.000000 206348
23.100000 206348
23.200001 206348
23.299999 206348
23.400000 206348
23.500000 206348
23.600000 206348
23.700001 206348
23.799999 206348
23.900000 206348
24.000000 206348
24.100000 204620
24.200001 204616
24.299999 204616
24.400000 204616
24.500000 204616
24.600000 204616
24.700001 204616
24.799999 204616
24.900000 204616
25.000000 204616
25.100000 204616
25.200001 204612
25.299999 204612
25.400000 204612
25.500000 204612
25.600000 204612
25.700001 204612
25.799999 204612
25.900000 204612
26.000000 204360
26.100000 204360
26.200001 204328
26.299999 204328
26.400000 204328
26.500000 204328
26.600000 204328
26.700001 204328
26.799999 204360
26.900000 204360
27.000000 204360
27.100000 204360
27.200001 204360
27.299999 204360
27.400000 204360
27.500000 204360
27.600000 204360
27.700001 204360
27.799999 204360
27.900000 204360
28.000000 204360
28.100000 204360
28.200001 204328
28.299999 204328
28.400000 204328
28.500000 204328
28.600000 204328
28.700001 204328
28.799999 204328
28.900000 204328
29.000000 204328
29.100000 205616
29.200001 207492
29.299999 208776
29.400000 210624
29.500000 209952
29.600000 209924
29.700001 209592
29.799999 209844
29.900000 209780
30.000000 209720
30.100000 209920
30.200001 209920
30.299999 209936
30.400000 210112
30.500000 210176
30.600000 210176
30.700001 210396
30.799999 210272
30.900000 210272
31.000000 210272
31.100000 210496
31.200001 210496
31.299999 210372
31.400000 210592
31.500000 210592
31.600000 210592
31.700001 210844
31.799999 210720
31.900000 210720
32.000000 210720
32.099998 210664
32.200001 210728
32.299999 210728
32.400002 210540
32.500000 210604
32.599998 210604
32.700001 210604
32.799999 210480
32.900002 210480
33.000000 210432
33.099998 210432
33.200001 210432
33.299999 210432
33.400002 210308
33.500000 210308
33.599998 210308
33.700001 210308
33.799999 210184
33.900002 210184
34.000000 210200
34.099998 210200
34.200001 210200
34.299999 210012
34.400002 210076
34.500000 210076
34.599998 210296
34.700001 210296
34.799999 210172
34.900002 210172
35.000000 210172
35.099998 210204
35.200001 210204
35.299999 210140
35.400002 210080
35.500000 210080
35.599998 210340
35.700001 210340
35.799999 210216
35.900002 210152
36.000000 210204
36.099998 210204
36.200001 210140
36.299999 210140
36.400002 210016
36.500000 210268
36.599998 210268
36.700001 210268
36.799999 210144
36.900002 210144
37.000000 210168
37.099998 210168
37.200001 210104
37.299999 210168
37.400002 209980
37.500000 210516
37.599998 210516
37.700001 210628
37.799999 210504
37.900002 210440
38.000000 210464
38.099998 210464
38.200001 210464
38.299999 210400
38.400002 210276
38.500000 210528
38.599998 210528
38.700001 210528
38.799999 210404
38.900002 210404
39.000000 210404
39.099998 210388
39.200001 210388
39.299999 210388
39.400002 210264
39.500000 210548
39.599998 211104
39.700001 211104
39.799999 211248
39.900002 211124
40.000000 211076
40.099998 211140
40.200001 211140
40.299999 211076
40.400002 211016
40.500000 210952
40.599998 211016
40.700001 210952
40.799999 211016
40.900002 210892
41.000000 210844
41.099998 210908
41.200001 210908
41.299999 210908
41.400002 210784
41.500000 210720
41.599998 210784
41.700001 210784
41.799999 210660
41.900002 210596
42.000000 210656
42.099998 210908
42.200001 210908
42.299999 210720
42.400002 210784
42.500000 210720
42.599998 210720
42.700001 210784
42.799999 210660
42.900002 210596
43.000000 210640
43.099998 210640
43.200001 210828
43.299999 210768
43.400002 210768
43.500000 210768
43.599998 210768
43.700001 210768
43.799999 210644
43.900002 210644
44.000000 210624
44.099998 210876
44.200001 210940
44.299999 210816
44.400002 210816
44.500000 210816
44.599998 210752
44.700001 210816
44.799999 210692
44.900002 210692
45.000000 210636
45.099998 210920
45.200001 210920
45.299999 210860
45.400002 210796
45.500000 210796
45.599998 210796
45.700001 210796
45.799999 210608
45.900002 210608
46.000000 210816
46.099998 210816
46.200001 210816
46.299999 210692
46.400002 211292
46.500000 211196
46.599998 211848
46.700001 211912
46.799999 211740
46.900002 211744
47.000000 212028
47.099998 211652
47.200001 211668
47.299999 211668
47.400002 211856
47.500000 211860
47.599998 211828
47.700001 211576
47.799999 211764
47.900002 211764
48.000000 211780
48.099998 211592
48.200001 211892
48.299999 211956
48.400002 211640
48.500000 211832
48.599998 212020
48.700001 211832
48.799999 211828
48.900002 211948
49.000000 212012
49.099998 212044
49.200001 211700
49.299999 211952
49.400002 211920
49.500000 212016
49.599998 211952
49.700001 212080
49.799999 211940
49.900002 211752
50.000000 212224
50.099998 211848
50.200001 211848
50.299999 211848
50.400002 212036
50.500000 211976
50.599998 212024
50.700001 212056
50.799999 211968
50.900002 212032
51.000000 211968
51.099998 211876
51.200001 212128
51.299999 212072
51.400002 211852
51.500000 212200
51.599998 212232
51.700001 211980
51.799999 211848
51.900002 212164
52.000000 212228
52.099998 212008
52.200001 211756
52.299999 212040
52.400002 212104
52.500000 212168
52.599998 212136
52.700001 212200
52.799999 212084
52.900002 211832
53.000000 212148
53.099998 211992
53.200001 211992
53.299999 212212
53.400002 212180
53.500000 211804
53.599998 211804
53.700001 212088
53.799999 212044
53.900002 211980
54.000000 211848
54.099998 212168
54.200001 212204
54.299999 212204
54.400002 212204
54.500000 212204
54.599998 212016
54.700001 212080
54.799999 211904
54.900002 212284
55.000000 212220
55.099998 211780
55.200001 211844
55.299999 212380
55.400002 211936
55.500000 211812
55.599998 211908
55.700001 212256
55.799999 212112
55.900002 212240
56.000000 212176
56.099998 212052
56.200001 212116
56.299999 212084
56.400002 212084
56.500000 212024
56.599998 212276
56.700001 211896
56.799999 211816
56.900002 212328
57.000000 212376
57.099998 212444
57.200001 212948
57.299999 213232
57.400002 214400
57.500000 215732
57.599998 215860
57.700001 215796
57.799999 215804
57.900002 216276
58.000000 216404
58.099998 215964
58.200001 215964
58.299999 216184
58.400002 215544
58.500000 216288
58.599998 215916
58.700001 216328
58.799999 212000
58.900002 212000
59.000000 212192
59.099998 212068
59.200001 212004
59.299999 212132
59.400002 212004
59.500000 212260
59.599998 212132
59.700001 212132
59.799999 212076
59.900002 212076
60.000000 212016
60.099998 212016
60.200001 212204
60.299999 212268
60.400002 212208
60.500000 212144
60.599998 212144
60.700001 212144
60.799999 212136
60.900002 212136
61.000000 212168
61.099998 212168
61.200001 212232
61.299999 212232
61.400002 212076
61.500000 212424
61.599998 212044
61.700001 212328
61.799999 212276
61.900002 212244
62.000000 212120
62.099998 208408
62.200001 206428
62.299999 206428
62.400002 206428
62.500000 206428
62.599998 206428
62.700001 206428
62.799999 206396
62.900002 206396
63.000000 206396
63.099998 206396
63.200001 206396
63.299999 206396
63.400002 206396
63.500000 206396
63.599998 206396
63.700001 206396
63.799999 206396
63.900002 206396
64.000000 206396
64.099998 206396
64.199997 206396
64.300003 206396
64.400002 206396
64.500000 206396
64.599998 206396
64.699997 206396
64.800003 206424
64.900002 206424
65.000000 206424
65.099998 206424
65.199997 206424
65.300003 206424
65.400002 206424
65.500000 206424
65.599998 206424
65.699997 206424
65.800003 206420
65.900002 206420
66.000000 206420
66.099998 206420
66.199997 206420
66.300003 206420
66.400002 206420
66.500000 206420
66.599998 206420
66.699997 206420
66.800003 206388
66.900002 206388
67.000000 206388
67.099998 206388
67.199997 206388
67.300003 206388
67.400002 206388
67.500000 206388
67.599998 206420
67.699997 206420
67.800003 206420
67.900002 206420
68.000000 206420
68.099998 206420
68.199997 206420
68.300003 206420
68.400002 206420
68.500000 206420
68.599998 206420
68.699997 206420
68.800003 206388
68.900002 206388
69.000000 206388
69.099998 206388
69.199997 206388
69.300003 206388
69.400002 206388
69.500000 206388
69.599998 206388
69.699997 206388
69.800003 206388
69.900002 206388
70.000000 206388
70.099998 206388
70.199997 206388
70.300003 206388
70.400002 206388
70.500000 206388
70.599998 206388
70.699997 206388
70.800003 206420
70.900002 206420
71.000000 206420
71.099998 206420
71.199997 206420
71.300003 206420
71.400002 206420
71.500000 206420
71.599998 206420
71.699997 206420
71.800003 206420
71.900002 206420
72.000000 206420
72.099998 206420
72.199997 206420
72.300003 206420
72.400002 206420
72.500000 206420
72.599998 206420
72.699997 206420
72.800003 206388
72.900002 206388
73.000000 206388
73.099998 206388
73.199997 206388
73.300003 206388
73.400002 206388
73.500000 206388
73.599998 206388
73.699997 206388
73.800003 206384
73.900002 206416
74.000000 206416
74.099998 206416
74.199997 206416
74.300003 206416
74.400002 206416
74.500000 206384
74.599998 206384
74.699997 206384
74.800003 206384
74.900002 206384
75.000000 206384
75.099998 206384
75.199997 206384
75.300003 206384
75.400002 206384
75.500000 206384
75.599998 206384
75.699997 206384
75.800003 206384
75.900002 206384
76.000000 206384
76.099998 206384
76.199997 206384
76.300003 206384
76.400002 206384
76.500000 206384
76.599998 206352
76.699997 206352
76.800003 206352
76.900002 206352
77.000000 206352
77.099998 206416
77.199997 206416
77.300003 206416
77.400002 206416
77.500000 206416
77.599998 206416
77.699997 206416
77.800003 206416
77.900002 206416
78.000000 206416
78.099998 206416
78.199997 206416
78.300003 206416
78.400002 206416
78.500000 206416
78.599998 206384
78.699997 206384
78.800003 206384
78.900002 206384
79.000000 206384
79.099998 206384
79.199997 206384
79.300003 206384
79.400002 206384
79.500000 206384
79.599998 206384
79.699997 206376
79.800003 206376
79.900002 206376
80.000000 206376
80.099998 206376
80.199997 206440
80.300003 206440
80.400002 206440
80.500000 206440
80.599998 206440
80.699997 206440
80.800003 206408
80.900002 206408
81.000000 206408
81.099998 206408
81.199997 206408
81.300003 206408
81.400002 206408
81.500000 206408
81.599998 206408
81.699997 206408
81.800003 206408
81.900002 206408
82.000000 206408
82.099998 206408
82.199997 206408
82.300003 206408
82.400002 206408
82.500000 206408
82.599998 206408
82.699997 206376
82.800003 206376
82.900002 206376
83.000000 206376
83.099998 206376
83.199997 206376
83.300003 206376
83.400002 206376
83.500000 206408
83.599998 206408
83.699997 206408
83.800003 206408
83.900002 206408
84.000000 206408
84.099998 206408
84.199997 206408
84.300003 206408
84.400002 206408
84.500000 206408
84.599998 206408
84.699997 206408
84.800003 206376
84.900002 206376
85.000000 206376
85.099998 206376
85.199997 206376
85.300003 206376
85.400002 206376
85.500000 206376
85.599998 206376
85.699997 206376
85.800003 206376
85.900002 206376
86.000000 206376
86.099998 206376
86.199997 206376
86.300003 206376
86.400002 206376
86.500000 206376
86.599998 206376
86.699997 206408
86.800003 206408
86.900002 206408
87.000000 206408
87.099998 206408
87.199997 206408
87.300003 206408
87.400002 206408
87.500000 206408
87.599998 206408
87.699997 206408
87.800003 206408
87.900002 206408
88.000000 206408
88.099998 206408
88.199997 206408
88.300003 206408
88.400002 206408
88.500000 206408
88.599998 206408
88.699997 206376
88.800003 206376
88.900002 206376
89.000000 206376
89.099998 206376
89.199997 206376
89.300003 206376
89.400002 206376
89.500000 206376
89.599998 206408
89.699997 206400
89.800003 206400
89.900002 206400
90.000000 206400
90.099998 206400
90.199997 206400
90.300003 206400
90.400002 206400
90.500000 206400
90.599998 206400
90.699997 206368
90.800003 206368
90.900002 206368
91.000000 206368
91.099998 206368
91.199997 206368
91.300003 206368
91.400002 206368
91.500000 206368
91.599998 206368
91.699997 206368
91.800003 206368
91.900002 206368
92.000000 206368
92.099998 206368
92.199997 206368
92.300003 206368
92.400002 206368
92.500000 206368
92.599998 206368
92.699997 206336
92.800003 206400
92.900002 206400
93.000000 206400
93.099998 206400
93.199997 206400
93.300003 206400
93.400002 206400
93.500000 206400
93.599998 206400
93.699997 206400
93.800003 206400
93.900002 206400
94.000000 206400
94.099998 206400
94.199997 206400
94.300003 206400
94.400002 206400
94.500000 206400
94.599998 206400
94.699997 206368
94.800003 206368
94.900002 206368
95.000000 206368
95.099998 206368
95.199997 206368
95.300003 206368
95.400002 206368
95.500000 206368
95.599998 206368
95.699997 206368
95.800003 206368
95.900002 206368
96.000000 206368
96.099998 206368
96.199997 206368
96.300003 206368
96.400002 206368
96.500000 206368
96.599998 206368
96.699997 206368
96.800003 206368
96.900002 206368
97.000000 206368
97.099998 206368
97.199997 206368
97.300003 206368
97.400002 206368
97.500000 206368
97.599998 206368
97.699997 206364
97.800003 206364
97.900002 206364
98.000000 206364
98.099998 206364
98.199997 206364
98.300003 206364
98.400002 206364
98.500000 206364
98.599998 206364
98.699997 206332
98.800003 206332
98.900002 206332
99.000000 206332
99.099998 206396
99.199997 206396
99.300003 206396
99.400002 206396
99.500000 206396
99.599998 206396
99.699997 206396
99.800003 206396
99.900002 206396
100.000000 206396
100.099998 206396
100.199997 206396
100.300003 206396
100.400002 206396
100.500000 206396
100.599998 206396
100.699997 206364
100.800003 206364
100.900002 206364
101.000000 206364
101.099998 206364
101.199997 206364
101.300003 206364
101.400002 206364
101.500000 206364
101.599998 206364
101.699997 206364
101.800003 206364
101.900002 206364
102.000000 206364
102.099998 206364
102.199997 206428
102.300003 206428
102.400002 206428
102.500000 206428
102.599998 206428
102.699997 206396
102.800003 206396
102.900002 206396
103.000000 206396
103.099998 206396
103.199997 206396
103.300003 206396
103.400002 206396
103.500000 206396
103.599998 206396
103.699997 206388
103.800003 206388
103.900002 206388
104.000000 206388
104.099998 206388
104.199997 206388
104.300003 206388
104.400002 206388
104.500000 206388
104.599998 206388
104.699997 206356
104.800003 206356
104.900002 206356
105.000000 206356
105.099998 206356
105.199997 206356
105.300003 206388
105.400002 206388
105.500000 206388
105.599998 206388
105.699997 206388
105.800003 206388
105.900002 206388
106.000000 206388
106.099998 206388
106.199997 206388
106.300003 206388
106.400002 206388
106.500000 206388
106.599998 206388
106.699997 206356
106.800003 206356
106.900002 206356
107.000000 206356
107.099998 206356
107.199997 206356
107.300003 206356
107.400002 206356
107.500000 206356
107.599998 206356
107.699997 206356
107.800003 206356
107.900002 206356
108.000000 206356
108.099998 206356
108.199997 206356
108.300003 206356
108.400002 206356
108.500000 206356
108.599998 206356
108.699997 206388
108.800003 206388
108.900002 206388
109.000000 206388
109.099998 206388
109.199997 206388
109.300003 206388
109.400002 206388
109.500000 206388
109.599998 206388
109.699997 206388
109.800003 206388
109.900002 206388
110.000000 206388
110.099998 206388
110.199997 206388
110.300003 206388
110.400002 206388
110.500000 206388
110.599998 206388
110.699997 206356
110.800003 206356
110.900002 206356
111.000000 206356
111.099998 206356
111.199997 206356
111.300003 206356
111.400002 206356
111.500000 206356
111.599998 206388
111.699997 206388
111.800003 206388
111.900002 206388
112.000000 206388
112.099998 206388
112.199997 206388
112.300003 206388
112.400002 206388
112.500000 206388
112.599998 206388
112.699997 206356
112.800003 206356
112.900002 206356
113.000000 206356
113.099998 206356
113.199997 206356
113.300003 206356
113.400002 206356
113.500000 206356
113.599998 206356
113.699997 206356
113.800003 206356
113.900002 206356
114.000000 206356
114.099998 206356
114.199997 206356
114.300003 206356
114.400002 206356
114.500000 206356
114.599998 206356
114.699997 206388
114.800003 206388
114.900002 206388
115.000000 206388
115.099998 206388
115.199997 206388
115.300003 206388
115.400002 206388
115.500000 206388
115.599998 206388
115.699997 206388
115.800003 206388
115.900002 206388
116.000000 206388
116.099998 206388
116.199997 206388
116.300003 206388
116.400002 206388
116.500000 206388
116.599998 206388
116.699997 206356
116.800003 206356
116.900002 206356
117.000000 206356
117.099998 206356
117.199997 206356
117.300003 206356
117.400002 206356
117.500000 206356
117.599998 206356
117.699997 206356
117.800003 206356
117.900002 206356
118.000000 206356
118.099998 206356
118.199997 206356
118.300003 206356
118.400002 206356
118.500000 206356
118.599998 206356
118.699997 206356
118.800003 206356
118.900002 206356
119.000000 206356
119.099998 206356
119.199997 206356
119.300003 206356
119.400002 206356
119.500000 206356
119.599998 206356
119.699997 206356
119.800003 206104
119.900002 206104
120.000000 206104
