0.000000 206104
0.100000 206104
0.200000 206104
0.300000 206104
0.400000 206104
0.500000 206104
0.600000 206104
0.700000 206088
0.800000 206152
0.900000 206152
1.000000 206152
1.100000 206152
1.200000 206152
1.300000 206152
1.400000 206152
1.500000 206152
1.600000 206152
1.700000 206152
1.800000 205396
1.900000 205396
2.000000 205396
2.100000 205396
2.200000 205396
2.300000 205396
2.400000 205396
2.500000 205396
2.600000 205396
2.700000 205364
2.800000 205364
2.900000 205364
3.000000 205364
3.100000 205364
3.200000 205364
3.300000 205364
3.400000 205364
3.500000 205364
3.600000 205364
3.700000 205364
3.800000 205364
3.900000 205176
4.000000 205176
4.100000 205176
4.200000 205176
4.300000 205176
4.400000 205176
4.500000 205176
4.600000 205176
4.700000 205144
4.800000 205144
4.900000 205144
5.000000 205144
5.100000 205144
5.200000 205144
5.300000 205144
5.400000 205144
5.500000 205144
5.600000 205144
5.700000 205144
5.800000 205144
5.900000 205144
6.000000 205144
6.100000 205144
6.200000 205144
6.300000 205144
6.400000 205144
6.500000 205144
6.600000 205144
6.700000 205104
6.800000 205104
6.900000 205104
7.000000 205104
7.100000 205136
7.200000 205136
7.300000 205136
7.400000 205136
7.500000 205136
7.600000 205136
7.700000 205136
7.800000 205136
7.900000 205136
8.000000 205136
8.100000 205136
8.200000 205136
8.300000 205136
8.400000 205136
8.500000 205136
8.600000 205136
8.700000 205104
8.800000 205104
8.900000 205104
9.000000 205104
9.100000 205104
9.200000 205104
9.300000 205104
9.400000 205104
9.500000 205104
9.600000 205104
9.700000 205104
9.800000 205104
9.900000 205104
10.000000 205104
10.100000 205104
10.200000 205104
10.300000 205104
10.400000 205104
10.500000 205104
10.600000 205104
10.700000 205136
10.800000 205136
10.900000 205136
11.000000 205136
11.100000 205136
11.200000 205136
11.300000 205136
11.400000 205136
11.500000 205136
11.600000 205136
11.700000 205136
11.800000 205136
11.900000 205136
12.000000 205136
12.100000 205136
12.200000 205136
12.300000 205136
12.400000 205136
12.500000 205136
12.600000 205136
12.700000 205104
12.800000 205104
12.900000 205104
13.000000 205104
13.100000 205104
13.200000 205104
13.300000 205104
13.400000 205136
13.500000 205136
13.600000 205136
13.700000 205136
13.800000 205136
13.900000 205136
14.000000 205136
14.100000 205136
14.200000 205136
14.300000 205136
14.400000 205136
14.500000 205136
14.600000 205136
14.700000 205104
14.800000 205104
14.900000 205104
15.000000 205104
15.100000 205104
15.200000 205104
15.300000 205104
15.400000 205104
15.500000 205104
15.600000 205104
15.700000 205104
15.800000 205104
15.900000 205104
16.000000 205104
16.100000 205104
16.200001 205104
16.299999 205104
16.400000 205104
16.500000 205104
16.600000 205104
16.700001 205136
16.799999 205136
16.900000 205136
17.000000 205136
17.100000 205136
17.200001 205136
17.299999 205136
17.400000 205136
17.500000 205136
17.600000 205136
17.700001 205136
17.799999 205136
17.900000 205136
18.000000 205136
18.100000 205136
18.200001 205136
18.299999 205136
18.400000 205136
18.500000 205136
18.600000 205136
18.700001 205104
18.799999 205104
18.900000 205104
19.000000 205104
19.100000 205104
19.200001 205104
19.299999 205104
19.400000 205104
19.500000 205104
19.600000 205136
19.700001 205136
19.799999 205136
19.900000 205136
20.000000 205136
20.100000 205136
20.200001 205136
20.299999 205136
20.400000 205136
20.500000 205136
20.600000 205136
20.700001 205104
20.799999 205104
20.900000 205104
21.000000 205104
21.100000 205104
21.200001 205104
21.299999 205104
21.400000 205104
21.500000 205104
21.600000 205104
21.700001 205104
21.799999 205104
21.900000 205104
22.000000 205104
22.100000 205104
22.200001 205104
22.299999 205104
22.400000 205104
22.500000 205104
22.600000 205104
22.700001 205072
22.799999 205136
22.900000 205136
23.000000 205136
23.100000 205136
23.200001 205136
23.299999 205136
23.400000 205136
23.500000 205136
23.600000 205136
23.700001 205136
23.799999 205136
23.900000 205136
24.000000 205136
24.100000 205136
24.200001 205136
24.299999 205136
24.400000 205136
24.500000 205136
24.600000 205136
24.700001 205100
24.799999 205100
24.900000 205100
25.000000 205100
25.100000 205100
25.200001 205100
25.299999 205100
25.400000 205100
25.500000 205100
25.600000 205100
25.700001 205100
25.799999 205164
25.900000 205164
26.000000 205164
26.100000 205164
26.200001 205164
26.299999 205164
26.400000 205164
26.500000 205164
26.600000 205164
26.700001 205132
26.799999 205132
26.900000 205132
27.000000 205132
27.100000 205132
27.200001 205132
27.299999 205132
27.400000 205132
27.500000 205132
27.600000 205132
27.700001 205132
27.799999 205132
27.900000 205132
28.000000 205132
28.100000 205132
28.200001 205132
28.299999 205132
28.400000 205132
28.500000 205132
28.600000 205132
28.700001 205100
28.799999 205100
28.900000 205100
29.000000 205132
29.100000 205132
29.200001 205132
29.299999 205132
29.400000 205132
29.500000 205132
29.600000 205132
29.700001 205128
29.799999 205128
29.900000 205128
30.000000 205128
30.100000 205128
30.200001 205128
30.299999 207524
30.400000 211552
30.500000 212356
30.600000 211452
30.700001 211896
30.799999 211848
30.900000 211684
31.000000 211076
31.100000 211092
31.200001 211140
31.299999 211328
31.400000 211212
31.500000 211300
31.600000 211436
31.700001 211436
31.799999 211500
31.900000 211376
32.000000 211596
32.099998 211660
32.200001 211596
32.299999 211880
32.400002 211756
32.500000 211756
32.599998 211772
32.700001 212024
32.799999 211960
32.900002 211836
33.000000 212120
33.099998 212120
33.200001 212120
33.299999 211996
33.400002 211996
33.500000 211996
33.599998 211916
33.700001 211916
33.799999 211916
33.900002 211792
34.000000 211792
34.099998 211768
34.200001 211832
34.299999 211708
34.400002 211708
34.500000 211708
34.599998 211648
34.700001 211648
34.799999 211648
34.900002 211524
35.000000 211524
35.099998 211524
35.200001 211524
35.299999 211524
35.400002 211464
35.500000 211400
35.599998 211628
35.700001 211628
35.799999 211628
35.900002 211504
36.000000 211504
36.099998 211504
36.200001 211504
36.299999 211380
36.400002 211380
36.500000 211632
36.599998 211644
36.700001 211644
36.799999 211580
36.900002 211520
37.000000 211536
37.099998 211552
37.200001 211552
37.299999 211428
37.400002 211428
37.500000 211648
37.599998 211664
37.700001 211664
37.799999 211616
37.900002 211492
38.000000 211492
38.099998 211492
38.200001 211556
38.299999 211432
38.400002 211652
38.500000 211652
38.599998 211596
38.700001 211596
38.799999 211660
38.900002 211536
39.000000 211536
39.099998 211536
39.200001 211536
39.299999 211536
39.400002 211484
39.500000 212460
39.599998 212472
39.700001 212624
39.799999 212624
39.900002 212500
40.000000 212500
40.099998 212436
40.200001 212436
40.299999 212372
40.400002 212184
40.500000 212184
40.599998 212228
40.700001 212228
40.799999 212164
40.900002 212104
41.000000 212104
41.099998 212168
41.200001 212168
41.299999 212044
41.400002 212044
41.500000 212012
41.599998 212012
41.700001 212012
41.799999 211824
41.900002 211824
42.000000 211824
42.099998 211888
42.200001 211824
42.299999 211984
42.400002 211920
42.500000 211984
42.599998 211944
42.700001 211944
42.799999 211944
42.900002 211756
43.000000 211720
43.099998 212380
43.200001 212548
43.299999 212548
43.400002 212796
43.500000 212608
43.599998 212656
43.700001 212656
43.799999 212656
43.900002 212532
44.000000 212532
44.099998 212532
44.200001 212532
44.299999 212408
44.400002 212408
44.500000 212408
44.599998 212392
44.700001 212392
44.799999 212392
44.900002 212268
45.000000 212268
45.099998 212268
45.200001 212268
45.299999 212144
45.400002 212144
45.500000 212128
45.599998 212120
45.700001 212120
45.799999 212060
45.900002 211996
46.000000 211996
46.099998 211996
46.200001 212060
46.299999 211936
46.400002 211872
46.500000 211936
46.599998 211876
46.700001 211876
46.799999 211876
46.900002 211752
47.000000 211816
47.099998 211752
47.200001 211816
47.299999 211752
47.400002 211848
47.500000 211848
47.599998 211868
47.700001 211844
47.799999 211844
47.900002 211720
48.000000 211768
48.099998 211704
48.200001 211768
48.299999 211620
48.400002 211904
48.500000 211764
48.599998 211828
48.700001 211828
48.799999 211712
48.900002 211648
49.000000 211712
49.099998 211712
49.200001 211712
49.299999 211808
49.400002 211808
49.500000 211784
49.599998 211780
49.700001 211780
49.799999 211656
49.900002 211656
50.000000 211656
50.099998 211656
50.200001 211924
50.299999 211800
50.400002 211864
50.500000 211928
50.599998 211828
50.700001 211892
50.799999 211508
50.900002 212152
51.000000 212152
51.099998 212304
51.200001 212240
51.299999 212304
51.400002 212180
51.500000 212108
51.599998 212044
51.700001 212108
51.799999 211984
51.900002 211920
52.000000 211920
52.099998 211984
52.200001 211984
52.299999 211796
52.400002 211796
52.500000 211796
52.599998 212016
52.700001 212080
52.799999 211956
52.900002 211956
53.000000 211956
53.099998 211956
53.200001 211956
53.299999 211832
53.400002 211832
53.500000 211788
53.599998 211560
53.700001 212820
53.799999 213248
53.900002 214896
54.000000 215640
54.099998 216036
54.200001 215912
54.299999 215660
54.400002 215392
54.500000 215552
54.599998 211924
54.700001 212116
54.799999 212052
54.900002 212148
55.000000 211740
55.099998 211992
55.200001 211992
55.299999 212056
55.400002 212172
55.500000 212188
55.599998 212128
55.700001 211876
55.799999 212096
55.900002 212000
56.000000 212004
56.099998 212240
56.200001 212240
56.299999 212256
56.400002 212128
56.500000 212224
56.599998 212100
56.700001 212100
56.799999 212288
56.900002 212352
57.000000 212164
57.099998 211912
57.200001 212196
57.299999 212416
57.400002 212208
57.500000 212524
57.599998 212336
57.700001 212272
57.799999 212304
57.900002 212336
58.000000 212276
58.099998 212164
58.200001 212700
58.299999 212448
58.400002 212360
58.500000 212140
58.599998 212488
58.700001 212204
58.799999 212268
58.900002 212456
59.000000 212396
59.099998 212300
59.200001 212176
59.299999 212364
59.400002 212280
59.500000 212280
59.599998 212440
59.700001 212312
59.799999 212408
59.900002 212156
60.000000 212220
60.099998 212220
60.200001 212284
60.299999 212380
60.400002 212368
60.500000 212116
60.599998 212012
60.700001 212360
60.799999 212492
60.900002 212300
61.000000 212712
61.099998 212460
61.200001 212460
61.299999 212436
61.400002 212624
61.500000 212404
61.599998 212344
61.700001 212280
61.799999 212752
61.900002 212628
62.000000 212188
62.099998 212252
62.200001 212376
62.299999 212376
62.400002 212376
62.500000 212344
62.599998 212440
62.700001 212188
62.799999 212220
62.900002 212440
63.000000 212376
63.099998 212252
63.200001 212380
63.299999 209544
63.400002 206316
63.500000 206288
63.599998 206288
63.700001 206352
63.799999 206352
63.900002 206352
64.000000 206352
64.099998 206352
64.199997 206352
64.300003 206352
64.400002 206352
64.500000 206352
64.599998 206352
64.699997 206352
64.800003 206352
64.900002 206352
65.000000 206352
65.099998 206352
65.199997 206352
65.300003 206384
65.400002 206384
65.500000 206384
65.599998 206384
65.699997 206384
65.800003 206384
65.900002 206384
66.000000 206384
66.099998 206384
66.199997 206384
66.300003 206344
66.400002 206344
66.500000 206344
66.599998 206344
66.699997 206344
66.800003 206344
66.900002 206312
67.000000 206344
67.099998 206344
67.199997 206344
67.300003 206344
67.400002 206344
67.500000 206344
67.599998 206344
67.699997 206344
67.800003 206344
67.900002 206344
68.000000 206344
68.099998 206344
68.199997 206344
68.300003 206312
68.400002 206312
68.500000 206312
68.599998 206312
68.699997 206312
68.800003 206312
68.900002 206312
69.000000 206312
69.099998 206312
69.199997 206312
69.300003 206312
69.400002 206312
69.500000 206312
69.599998 206312
69.699997 206312
69.800003 206312
69.900002 206312
70.000000 206312
70.099998 206312
70.199997 206312
70.300003 206344
70.400002 206344
70.500000 206344
70.599998 206344
70.699997 206344
70.800003 206344
70.900002 206344
71.000000 206344
71.099998 206344
71.199997 206344
71.300003 206344
71.400002 206344
71.500000 206344
71.599998 206344
71.699997 206344
71.800003 206344
71.900002 206344
72.000000 206344
72.099998 206344
72.199997 206344
72.300003 206312
72.400002 206312
72.500000 206312
72.599998 206312
72.699997 206312
72.800003 206312
72.900002 206312
73.000000 206312
73.099998 206312
73.199997 206344
73.300003 206340
73.400002 206340
73.500000 206340
73.599998 206340
73.699997 206340
73.800003 206340
73.900002 206340
74.000000 206340
74.099998 206340
74.199997 206340
74.300003 206308
74.400002 206308
74.500000 206308
74.599998 206308
74.699997 206308
74.800003 206308
74.900002 206308
75.000000 206308
75.099998 206308
75.199997 206308
75.300003 206308
75.400002 206308
75.500000 206308
75.599998 206308
75.699997 206308
75.800003 206308
75.900002 206308
76.000000 206308
76.099998 206308
76.199997 206308
76.300003 206276
76.400002 206340
76.500000 206340
76.599998 206340
76.699997 206340
76.800003 206340
76.900002 206340
77.000000 206340
77.099998 206340
77.199997 206340
77.300003 206340
77.400002 206340
77.500000 206340
77.599998 206340
77.699997 206340
77.800003 206340
77.900002 206340
78.000000 206340
78.099998 206340
78.199997 206340
78.300003 206308
78.400002 206308
78.500000 206308
78.599998 206308
78.699997 206308
78.800003 206308
78.900002 206308
79.000000 206308
79.099998 206308
79.199997 206308
79.300003 206300
79.400002 206300
79.500000 206300
79.599998 206300
79.699997 206300
79.800003 206300
79.900002 206300
80.000000 206300
80.099998 206300
80.199997 206300
80.300003 206300
80.400002 206300
80.500000 206300
80.599998 206300
80.699997 206300
80.800003 206300
80.900002 206300
81.000000 206300
81.099998 206300
81.199997 206300
81.300003 206300
81.400002 206300
81.500000 206300
81.599998 206300
81.699997 206300
81.800003 206300
81.900002 206300
82.000000 206300
82.099998 206300
82.199997 206300
82.300003 206268
82.400002 206268
82.500000 206268
82.599998 206268
82.699997 206332
82.800003 206332
82.900002 206332
83.000000 206332
83.099998 206332
83.199997 206332
83.300003 206332
83.400002 206332
83.500000 206332
83.599998 206332
83.699997 206332
83.800003 206332
83.900002 206332
84.000000 206332
84.099998 206332
84.199997 206332
84.300003 206332
84.400002 206300
84.500000 206300
84.599998 206300
84.699997 206300
84.800003 206300
84.900002 206300
85.000000 206364
85.099998 206364
85.199997 206364
85.300003 206332
85.400002 206332
85.500000 206332
85.599998 206332
85.699997 206332
85.800003 206332
85.900002 206332
86.000000 206332
86.099998 206332
86.199997 206332
86.300003 206300
86.400002 206300
86.500000 206300
86.599998 206300
86.699997 206300
86.800003 206300
86.900002 206300
87.000000 206300
87.099998 206300
87.199997 206300
87.300003 206292
87.400002 206292
87.500000 206292
87.599998 206292
87.699997 206292
87.800003 206292
87.900002 206292
88.000000 206292
88.099998 206292
88.199997 206292
88.300003 206292
88.400002 206292
88.500000 206292
88.599998 206292
88.699997 206292
88.800003 206292
88.900002 206292
89.000000 206292
89.099998 206292
89.199997 206292
89.300003 206324
89.400002 206324
89.500000 206324
89.599998 206324
89.699997 206324
89.800003 206324
89.900002 206324
90.000000 206324
90.099998 206324
90.199997 206324
90.300003 206324
90.400002 206324
90.500000 206324
90.599998 206324
90.699997 206324
90.800003 206324
90.900002 206324
91.000000 206324
91.099998 206324
91.199997 206324
91.300003 206292
91.400002 206292
91.500000 206292
91.599998 206292
91.699997 206292
91.800003 206292
91.900002 206292
92.000000 206292
92.099998 206292
92.199997 206292
92.300003 206292
92.400002 206292
92.500000 206292
92.599998 206292
92.699997 206292
92.800003 206292
92.900002 206292
93.000000 206292
93.099998 206292
93.199997 206292
93.300003 206292
93.400002 206292
93.500000 206292
93.599998 206292
93.699997 206292
93.800003 206292
93.900002 206292
94.000000 206292
94.099998 206292
94.199997 206292
94.300003 206292
94.400002 206292
94.500000 206292
94.599998 206292
94.699997 206292
94.800003 206292
94.900002 206292
95.000000 206292
95.099998 206292
95.199997 206292
95.300003 206260
95.400002 206260
95.500000 206324
95.599998 206324
95.699997 206324
95.800003 206324
95.900002 206324
96.000000 206324
96.099998 206324
96.199997 206324
96.300003 206324
96.400002 206324
96.500000 206324
96.599998 206324
96.699997 206324
96.800003 206324
96.900002 206324
97.000000 206324
97.099998 206324
97.199997 206324
97.300003 206280
97.400002 206280
97.500000 206280
97.599998 206280
97.699997 206280
97.800003 206280
97.900002 206280
98.000000 206280
98.099998 206280
98.199997 206280
98.300003 206280
98.400002 206280
98.500000 206280
98.599998 206280
98.699997 206280
98.800003 206280
98.900002 206280
99.000000 206280
99.099998 206280
99.199997 206280
99.300003 206280
99.400002 206280
99.500000 206280
99.599998 206280
99.699997 206280
99.800003 206280
99.900002 206280
100.000000 206280
100.099998 206280
100.199997 206280
100.300003 206280
100.400002 206280
100.500000 206280
100.599998 206280
100.699997 206280
100.800003 206280
100.900002 206280
101.000000 206280
101.099998 206280
101.199997 206280
101.300003 206248
101.400002 206248
101.500000 206248
101.599998 206248
101.699997 206248
101.800003 206312
101.900002 206312
102.000000 206312
102.099998 206312
102.199997 206312
102.300003 206312
102.400002 206312
102.500000 206312
102.599998 206312
102.699997 206312
102.800003 206312
102.900002 206312
103.000000 206312
103.099998 206312
103.199997 206312
103.300003 206272
103.400002 206272
103.500000 206272
103.599998 206272
103.699997 206272
103.800003 206272
103.900002 206272
104.000000 206272
104.099998 206272
104.199997 206272
104.300003 206272
104.400002 206272
104.500000 206272
104.599998 206272
104.699997 206272
104.800003 206272
104.900002 206336
105.000000 206336
105.099998 206336
105.199997 206336
105.300003 206304
105.400002 206304
105.500000 206304
105.599998 206304
105.699997 206304
105.800003 206304
105.900002 206304
106.000000 206304
106.099998 206304
106.199997 206304
106.300003 206304
106.400002 206304
106.500000 206304
106.599998 206304
106.699997 206304
106.800003 206304
106.900002 206304
107.000000 206304
107.099998 206304
107.199997 206304
107.300003 206272
107.400002 206272
107.500000 206272
107.599998 206272
107.699997 206272
107.800003 206272
107.900002 206272
108.000000 206304
108.099998 206304
108.199997 206304
108.300003 206304
108.400002 206304
108.500000 206304
108.599998 206304
108.699997 206304
108.800003 206304
108.900002 206304
109.000000 206304
109.099998 206304
109.199997 206304
109.300003 206272
109.400002 206272
109.500000 206272
109.599998 206272
109.699997 206272
109.800003 206272
109.900002 206272
110.000000 206272
110.099998 206272
110.199997 206272
110.300003 206272
110.400002 206272
110.500000 206272
110.599998 206272
110.699997 206272
110.800003 206272
110.900002 206272
111.000000 206272
111.099998 206272
111.199997 206272
111.300003 206304
111.400002 206304
111.500000 206304
111.599998 206304
111.699997 206304
111.800003 206304
111.900002 206304
112.000000 206304
112.099998 206304
112.199997 206304
112.300003 206304
112.400002 206304
112.500000 206304
112.599998 206304
112.699997 206304
112.800003 206304
112.900002 206304
113.000000 206304
113.099998 206304
113.199997 206304
113.300003 206272
113.400002 206272
113.500000 206272
113.599998 206272
113.699997 206272
113.800003 206272
113.900002 206272
114.000000 206272
114.099998 206272
114.199997 206272
114.300003 206304
114.400002 206304
114.500000 206304
114.599998 206304
114.699997 206304
114.800003 206304
114.900002 206304
115.000000 206304
115.099998 206304
115.199997 206304
115.300003 206272
115.400002 206272
115.500000 206272
115.599998 206272
115.699997 206272
115.800003 206272
115.900002 206272
116.000000 206272
116.099998 206272
116.199997 206272
116.300003 206240
116.400002 206240
116.500000 206240
116.599998 206240
116.699997 206240
116.800003 206304
116.900002 206304
117.000000 206304
117.099998 206304
117.199997 206304
117.300003 206304
117.400002 206304
117.500000 206304
117.599998 206304
117.699997 206304
117.800003 206304
117.900002 206304
118.000000 206304
118.099998 206304
118.199997 206304
118.300003 206272
118.400002 206272
118.500000 206272
118.599998 206272
118.699997 206272
118.800003 206272
118.900002 206272
119.000000 206272
119.099998 206272
119.199997 206272
119.300003 206272
119.400002 206272
119.500000 206272
119.599998 206272
119.699997 206272
119.800003 206272
119.900002 206272
120.000000 206272
