0.000000 206272
0.100000 206272
0.200000 206272
0.300000 206272
0.400000 206288
0.500000 206288
0.600000 206288
0.700000 206288
0.800000 206288
0.900000 206288
1.000000 206288
1.100000 206288
1.200000 206288
1.300000 206288
1.400000 206288
1.500000 206288
1.600000 206288
1.700000 206288
1.800000 206288
1.900000 206288
2.000000 206288
2.100000 206288
2.200000 206288
2.300000 206288
2.400000 206256
2.500000 206256
2.600000 206256
2.700000 206256
2.800000 206256
2.900000 206320
3.000000 206320
3.100000 206320
3.200000 206320
3.300000 206320
3.400000 206320
3.500000 206320
3.600000 206320
3.700000 206320
3.800000 206320
3.900000 206320
4.000000 206320
4.100000 206320
4.200000 206320
4.300000 205280
4.400000 205280
4.500000 205280
4.600000 205280
4.700000 205280
4.800000 205280
4.900000 205280
5.000000 205280
5.100000 205280
5.200000 205280
5.300000 205280
5.400000 205272
5.500000 205272
5.600000 205272
5.700000 205272
5.800000 205272
5.900000 205272
6.000000 205336
6.100000 205336
6.200000 205336
6.300000 205304
6.400000 205304
6.500000 205304
6.600000 205304
6.700000 205304
6.800000 205304
6.900000 205304
7.000000 205304
7.100000 205304
7.200000 205304
7.300000 205304
7.400000 205304
7.500000 205304
7.600000 205304
7.700000 205304
7.800000 205304
7.900000 205304
8.000000 205304
8.100000 205304
8.200000 205304
8.300000 205304
8.400000 205272
8.500000 205272
8.600000 205272
8.700000 205272
8.800000 205272
8.900000 205272
9.000000 205272
9.100000 205272
9.200000 205272
9.300000 205304
9.400000 205304
9.500000 205304
9.600000 205304
9.700000 205304
9.800000 205304
9.900000 205304
10.000000 205304
10.100000 205304
10.200000 205304
10.300000 205272
10.400000 205272
10.500000 205272
10.600000 205272
10.700000 205272
10.800000 205272
10.900000 205272
11.000000 205272
11.100000 205272
11.200000 205272
11.300000 205272
11.400000 205272
11.500000 205272
11.600000 205272
11.700000 205272
11.800000 205272
11.900000 205272
12.000000 205272
12.100000 205272
12.200000 205272
12.300000 205304
12.400000 205304
12.500000 205304
12.600000 205304
12.700000 205304
12.800000 205304
12.900000 205304
13.000000 205304
13.100000 205304
13.200000 205304
13.300000 205304
13.400000 205304
13.500000 205304
13.600000 205304
13.700000 205304
13.800000 205304
13.900000 205304
14.000000 205304
14.100000 205304
14.200000 205304
14.300000 205304
14.400000 205272
14.500000 205272
14.600000 205272
14.700000 205272
14.800000 205272
14.900000 205272
15.000000 205272
15.100000 205272
15.200000 205272
15.300000 205272
15.400000 205304
15.500000 205304
15.600000 205304
15.700000 205304
15.800000 205304
15.900000 205304
16.000000 205304
16.100000 205304
16.200001 205304
16.299999 205272
16.400000 205272
16.500000 205272
16.600000 205272
16.700001 205272
16.799999 205272
16.900000 205272
17.000000 205272
17.100000 205272
17.200001 205272
17.299999 205272
17.400000 205272
17.500000 205272
17.600000 205272
17.700001 205272
17.799999 205272
17.900000 205272
18.000000 205272
18.100000 205272
18.200001 205272
18.299999 205240
18.400000 205240
18.500000 205240
18.600000 205304
18.700001 205304
18.799999 205304
18.900000 205304
19.000000 205304
19.100000 205304
19.200001 205304
19.299999 205304
19.400000 205304
19.500000 205304
19.600000 205304
19.700001 205304
19.799999 205304
19.900000 205304
20.000000 205304
20.100000 205304
20.200001 205304
20.299999 205272
20.400000 205272
20.500000 205272
20.600000 205272
20.700001 205272
20.799999 205272
20.900000 205272
21.000000 205272
21.100000 205272
21.200001 205272
21.299999 205272
21.400000 205272
21.500000 205272
21.600000 205272
21.700001 205272
21.799999 205272
21.900000 205272
22.000000 205272
22.100000 205272
22.200001 205272
22.299999 205272
22.400000 205272
22.500000 205272
22.600000 205272
22.700001 205272
22.799999 205272
22.900000 205272
23.000000 205272
23.100000 205272
23.200001 205272
23.299999 205272
23.400000 205272
23.500000 205272
23.600000 205272
23.700001 205272
23.799999 205272
23.900000 205272
24.000000 205272
24.100000 205272
24.200001 205272
24.299999 205272
24.400000 205240
24.500000 205240
24.600000 205240
24.700001 205492
24.799999 205492
24.900000 205556
25.000000 205556
25.100000 205556
25.200001 205556
25.299999 205552
25.400000 205552
25.500000 205552
25.600000 205552
25.700001 205552
25.799999 205552
25.900000 205552
26.000000 205552
26.100000 205552
26.200001 205552
26.299999 205520
26.400000 205520
26.500000 205520
26.600000 205520
26.700001 205520
26.799999 205520
26.900000 205520
27.000000 205520
27.100000 205520
27.200001 205520
27.299999 205520
27.400000 205520
27.500000 205520
27.600000 205520
27.700001 205520
27.799999 205520
27.900000 205584
28.000000 205584
28.100000 205584
28.200001 205584
28.299999 205552
28.400000 205552
28.500000 205552
28.600000 205552
28.700001 205552
28.799999 205552
28.900000 205552
29.000000 205552
29.100000 205552
29.200001 205552
29.299999 205552
29.400000 205552
29.500000 205552
29.600000 205552
29.700001 205552
29.799999 205552
29.900000 205552
30.000000 205552
30.100000 205552
30.200001 208912
30.299999 211088
30.400000 211748
30.500000 211236
30.600000 211048
30.700001 210536
30.799999 210924
30.900000 211048
31.000000 210956
31.100000 210968
31.200001 211000
31.299999 210936
31.400000 211096
31.500000 211284
31.600000 211192
31.700001 211348
31.799999 211476
31.900000 211476
32.000000 211664
32.099998 211604
32.200001 211924
32.299999 211892
32.400002 211832
32.500000 212124
32.599998 212028
32.700001 212248
32.799999 212440
32.900002 212368
33.000000 212248
33.099998 212564
33.200001 212656
33.299999 212468
33.400002 212152
33.500000 212280
33.599998 212404
33.700001 212532
33.799999 212408
33.900002 212376
34.000000 212440
34.099998 212288
34.200001 212572
34.299999 212572
34.400002 212196
34.500000 212416
34.599998 212384
34.700001 212544
34.799999 212228
34.900002 212356
35.000000 212576
35.099998 212616
35.200001 212692
35.299999 211980
35.400002 212300
35.500000 212256
35.599998 212224
35.700001 212288
35.799999 212164
35.900002 212068
36.000000 212132
36.099998 212140
36.200001 212076
36.299999 212360
36.400002 212236
36.500000 212820
36.599998 212676
36.700001 212716
36.799999 212844
36.900002 212788
37.000000 212760
37.099998 212800
37.200001 212736
37.299999 212676
37.400002 212676
37.500000 212612
37.599998 212676
37.700001 212488
37.799999 212536
37.900002 212536
38.000000 212568
38.099998 212568
38.200001 212504
38.299999 212428
38.400002 212428
38.500000 212744
38.599998 212728
38.700001 212668
38.799999 212668
38.900002 212668
39.000000 212680
39.099998 212680
39.200001 212616
39.299999 212556
39.400002 212620
39.500000 213092
39.599998 213028
39.700001 213148
39.799999 213024
39.900002 213024
40.000000 213016
40.099998 213016
40.200001 213016
40.299999 212892
40.400002 212892
40.500000 212892
40.599998 212892
40.700001 212768
40.799999 212768
40.900002 212740
41.000000 212292
41.099998 213100
41.200001 213036
41.299999 213000
41.400002 213000
41.500000 213000
41.599998 213000
41.700001 213000
41.799999 212940
41.900002 212940
42.000000 212836
42.099998 212836
42.200001 212836
42.299999 212712
42.400002 212776
42.500000 212776
42.599998 212840
42.700001 212652
42.799999 212652
42.900002 212676
43.000000 212636
43.099998 212636
43.200001 212456
43.299999 212536
43.400002 212472
43.500000 212472
43.599998 212660
43.700001 212600
43.799999 212280
43.900002 213200
44.000000 213264
44.099998 213392
44.200001 213332
44.299999 213332
44.400002 213332
44.500000 213332
44.599998 213268
44.700001 213208
44.799999 213208
44.900002 213144
45.000000 213144
45.099998 213144
45.200001 213020
45.299999 213020
45.400002 213020
45.500000 213020
45.599998 213020
45.700001 212896
45.799999 212896
45.900002 212896
46.000000 212856
46.099998 212920
46.200001 212732
46.299999 212732
46.400002 212732
46.500000 212732
46.599998 212732
46.700001 212608
46.799999 212608
46.900002 212672
47.000000 212640
47.099998 212576
47.200001 212576
47.299999 212388
47.400002 212452
47.500000 212452
47.599998 212452
47.700001 212548
47.799999 212288
47.900002 212892
48.000000 213036
48.099998 213736
48.200001 213532
48.299999 213556
48.400002 213516
48.500000 213580
48.599998 213516
48.700001 213456
48.799999 213456
48.900002 213432
49.000000 213428
49.099998 213364
49.200001 213304
49.299999 213240
49.400002 213304
49.500000 213304
49.599998 213240
49.700001 213116
49.799999 213180
49.900002 213096
50.000000 213160
50.099998 213160
50.200001 213096
50.299999 213036
50.400002 213036
50.500000 213036
50.599998 213036
50.700001 212784
50.799999 212784
50.900002 212768
51.000000 212832
51.099998 212768
51.200001 212708
51.299999 212708
51.400002 212708
51.500000 212708
51.599998 212708
51.700001 212520
51.799999 212584
51.900002 212504
52.000000 212568
52.099998 212568
52.200001 212632
52.299999 212696
52.400002 212696
52.500000 212696
52.599998 212696
52.700001 212508
52.799999 212508
52.900002 212520
53.000000 212520
53.099998 212804
53.200001 212680
53.299999 212680
53.400002 212680
53.500000 212616
53.599998 212680
53.700001 212556
53.799999 212556
53.900002 212464
54.000000 212528
54.099998 212716
54.200001 212780
54.299999 212592
54.400002 212656
54.500000 212656
54.599998 212656
54.700001 212656
54.799999 212532
54.900002 212528
55.000000 212528
55.099998 212488
55.200001 213276
55.299999 213212
55.400002 213136
55.500000 213136
55.599998 213072
55.700001 213072
55.799999 212948
55.900002 213000
56.000000 213000
56.099998 213000
56.200001 212876
56.299999 212876
56.400002 212812
56.500000 212812
56.599998 212812
56.700001 212752
56.799999 212752
56.900002 212704
57.000000 212680
57.099998 212744
57.200001 212620
57.299999 212620
57.400002 212620
57.500000 212620
57.599998 212620
57.700001 212496
57.799999 212560
57.900002 212536
58.000000 212536
58.099998 212536
58.200001 212348
58.299999 212412
58.400002 212664
58.500000 212728
58.599998 212728
58.700001 212604
58.799999 212540
58.900002 212568
59.000000 212504
59.099998 212568
59.200001 212444
59.299999 212632
59.400002 212632
59.500000 212696
59.599998 212696
59.700001 212508
59.799999 212572
59.900002 212504
60.000000 212568
60.099998 212568
60.200001 212444
60.299999 212664
60.400002 212600
60.500000 212600
60.599998 212664
60.700001 212540
60.799999 212476
60.900002 212508
61.000000 212508
61.099998 212444
61.200001 212320
61.299999 212604
61.400002 212604
61.500000 212604
61.599998 212604
61.700001 212480
61.799999 212480
61.900002 212240
62.000000 212776
62.099998 213096
62.200001 213248
62.299999 213124
62.400002 213124
62.500000 213124
62.599998 213124
62.700001 213124
62.799999 213000
62.900002 212984
63.000000 212984
63.099998 213172
63.200001 213384
63.299999 212820
63.400002 212820
63.500000 213012
63.599998 212572
63.700001 212468
63.799999 212716
63.900002 212536
64.000000 212600
64.099998 212412
64.199997 212664
64.300003 212664
64.400002 212476
64.500000 212352
64.599998 212540
64.699997 212476
64.800003 209112
64.900002 206420
65.000000 206420
65.099998 206420
65.199997 206420
65.300003 206420
65.400002 206420
65.500000 206420
65.599998 206420
65.699997 206420
65.800003 206420
65.900002 206420
66.000000 206420
66.099998 206420
66.199997 206420
66.300003 206420
66.400002 206420
66.500000 206420
66.599998 206420
66.699997 206420
66.800003 206388
66.900002 206388
67.000000 206388
67.099998 206388
67.199997 206388
67.300003 206388
67.400002 206388
67.500000 206388
67.599998 206388
67.699997 206388
67.800003 206388
67.900002 206388
68.000000 206388
68.099998 206388
68.199997 206388
68.300003 206388
68.400002 206388
68.500000 206388
68.599998 206388
68.699997 206388
68.800003 206412
68.900002 206412
69.000000 206412
69.099998 206412
69.199997 206412
69.300003 206412
69.400002 206412
69.500000 206412
69.599998 206412
69.699997 206412
69.800003 206412
69.900002 206412
70.000000 206412
70.099998 206412
70.199997 206412
70.300003 206412
70.400002 206412
70.500000 206412
70.599998 206412
70.699997 206412
70.800003 206380
70.900002 206380
71.000000 206380
71.099998 206380
71.199997 206380
71.300003 206380
71.400002 206380
71.500000 206380
71.599998 206380
71.699997 206380
71.800003 206412
71.900002 206412
72.000000 206412
72.099998 206412
72.199997 206412
72.300003 206412
72.400002 206412
72.500000 206412
72.599998 206412
72.699997 206412
72.800003 206380
72.900002 206380
73.000000 206380
73.099998 206380
73.199997 206380
73.300003 206380
73.400002 206380
73.500000 206380
73.599998 206380
73.699997 206380
73.800003 206376
73.900002 206376
74.000000 206376
74.099998 206376
74.199997 206376
74.300003 206376
74.400002 206376
74.500000 206376
74.599998 206376
74.699997 206376
74.800003 206408
74.900002 206408
75.000000 206408
75.099998 206408
75.199997 206408
75.300003 206408
75.400002 206408
75.500000 206408
75.599998 206408
75.699997 206408
75.800003 206408
75.900002 206408
76.000000 206408
76.099998 206408
76.199997 206408
76.300003 206408
76.400002 206408
76.500000 206408
76.599998 206408
76.699997 206408
76.800003 206408
76.900002 206376
77.000000 206376
77.099998 206376
77.199997 206376
77.300003 206376
77.400002 206376
77.500000 206376
77.599998 206376
77.699997 206376
77.800003 206408
77.900002 206408
78.000000 206408
78.099998 206408
78.199997 206408
78.300003 206408
78.400002 206408
78.500000 206408
78.599998 206408
78.699997 206408
78.800003 206372
78.900002 206372
79.000000 206372
79.099998 206372
79.199997 206372
79.300003 206372
79.400002 206372
79.500000 206372
79.599998 206372
79.699997 206372
79.800003 206368
79.900002 206368
80.000000 206368
80.099998 206368
80.199997 206368
80.300003 206368
80.400002 206368
80.500000 206368
80.599998 206368
80.699997 206368
80.800003 206336
80.900002 206400
81.000000 206400
81.099998 206400
81.199997 206400
81.300003 206400
81.400002 206400
81.500000 206400
81.599998 206400
81.699997 206400
81.800003 206400
81.900002 206400
82.000000 206400
82.099998 206400
82.199997 206400
82.300003 206400
82.400002 206400
82.500000 206400
82.599998 206400
82.699997 206400
82.800003 206368
82.900002 206368
83.000000 206368
83.099998 206368
83.199997 206368
83.300003 206368
83.400002 206368
83.500000 206368
83.599998 206368
83.699997 206368
83.800003 206368
83.900002 206368
84.000000 206368
84.099998 206432
84.199997 206432
84.300003 206432
84.400002 206432
84.500000 206432
84.599998 206432
84.699997 206432
84.800003 206432
84.900002 206400
85.000000 206400
85.099998 206400
85.199997 206400
85.300003 206400
85.400002 206400
85.500000 206400
85.599998 206400
85.699997 206400
85.800003 206400
85.900002 206400
86.000000 206400
86.099998 206400
86.199997 206400
86.300003 206400
86.400002 206400
86.500000 206400
86.599998 206400
86.699997 206400
86.800003 206368
86.900002 206368
87.000000 206368
87.099998 206368
87.199997 206400
87.300003 206400
87.400002 206400
87.500000 206400
87.599998 206400
87.699997 206400
87.800003 206400
87.900002 206400
88.000000 206400
88.099998 206400
88.199997 206400
88.300003 206400
88.400002 206400
88.500000 206400
88.599998 206400
88.699997 206400
88.800003 206368
88.900002 206368
89.000000 206360
89.099998 206360
89.199997 206360
89.300003 206360
89.400002 206360
89.500000 206360
89.599998 206360
89.699997 206360
89.800003 206360
89.900002 206360
90.000000 206360
90.099998 206360
90.199997 206360
90.300003 206360
90.400002 206360
90.500000 206360
90.599998 206360
90.699997 206360
90.800003 206392
90.900002 206392
91.000000 206392
91.099998 206392
91.199997 206392
91.300003 206392
91.400002 206392
91.500000 206392
91.599998 206392
91.699997 206392
91.800003 206392
91.900002 206392
92.000000 206392
92.099998 206392
92.199997 206392
92.300003 206392
92.400002 206392
92.500000 206392
92.599998 206392
92.699997 206392
92.800003 206360
92.900002 206360
93.000000 206360
93.099998 206360
93.199997 206360
93.300003 206360
93.400002 206360
93.500000 206392
93.599998 206392
93.699997 206392
93.800003 206392
93.900002 206392
94.000000 206392
94.099998 206392
94.199997 206392
94.300003 206392
94.400002 206392
94.500000 206392
94.599998 206392
94.699997 206392
94.800003 206360
94.900002 206360
95.000000 206360
95.099998 206360
95.199997 206360
95.300003 206360
95.400002 206360
95.500000 206360
95.599998 206360
95.699997 206360
95.800003 206360
95.900002 206360
96.000000 206360
96.099998 206360
96.199997 206360
96.300003 206360
96.400002 206360
96.500000 206360
96.599998 206360
96.699997 206360
96.800003 206392
96.900002 206392
97.000000 206392
97.099998 206392
97.199997 206392
97.300003 206392
97.400002 206392
97.500000 206392
97.599998 206392
97.699997 206392
97.800003 206388
97.900002 206388
98.000000 206388
98.099998 206388
98.199997 206388
98.300003 206388
98.400002 206388
98.500000 206388
98.599998 206388
98.699997 206388
98.800003 206356
98.900002 206356
99.000000 206356
99.099998 206356
99.199997 206356
99.300003 206356
99.400002 206356
99.500000 206356
99.599998 206356
99.699997 206356
99.800003 206380
99.900002 206380
100.000000 206380
100.099998 206380
100.199997 206380
100.300003 206348
100.400002 206348
100.500000 206348
100.599998 206348
100.699997 206348
100.800003 206348
100.900002 206348
101.000000 206348
101.099998 206348
101.199997 206348
101.300003 206348
101.400002 206348
101.500000 206348
101.599998 206348
101.699997 206348
101.800003 206348
101.900002 206348
102.000000 206348
102.099998 206348
102.199997 206348
102.300003 206316
102.400002 206316
102.500000 206316
102.599998 206316
102.699997 206316
102.800003 206380
102.900002 206380
103.000000 206380
103.099998 206380
103.199997 206380
103.300003 206380
103.400002 206380
103.500000 206380
103.599998 206380
103.699997 206380
103.800003 206380
103.900002 206380
104.000000 206380
104.099998 206380
104.199997 206348
104.300003 206348
104.400002 206348
104.500000 206348
104.599998 206348
104.699997 206348
104.800003 206348
104.900002 206348
105.000000 206348
105.099998 206348
105.199997 206348
105.300003 206348
105.400002 206348
105.500000 206348
105.599998 206348
105.699997 206348
105.800003 206348
105.900002 206348
106.000000 206412
106.099998 206412
106.199997 206380
106.300003 206380
106.400002 206380
106.500000 206380
106.599998 206380
106.699997 206380
106.800003 206380
106.900002 206380
107.000000 206380
107.099998 206380
107.199997 206380
107.300003 206380
107.400002 206380
107.500000 206380
107.599998 206380
107.699997 206380
107.800003 206380
107.900002 206380
108.000000 206380
108.099998 206380
108.199997 206348
108.300003 206348
108.400002 206348
108.500000 206348
108.599998 206348
108.699997 206348
108.800003 206348
108.900002 206348
109.000000 206348
109.099998 206348
109.199997 206348
109.300003 206348
109.400002 206348
109.500000 206348
109.599998 206348
109.699997 206348
109.800003 206380
109.900002 206380
110.000000 206380
110.099998 206380
110.199997 206348
110.300003 206348
110.400002 206348
110.500000 206348
110.599998 206348
110.699997 206348
110.800003 206348
110.900002 206348
111.000000 206348
111.099998 206348
111.199997 206348
111.300003 206348
111.400002 206348
111.500000 206348
111.599998 206348
111.699997 206348
111.800003 206348
111.900002 206348
112.000000 206348
112.099998 206348
112.199997 206316
112.300003 206380
112.400002 206380
112.500000 206380
112.599998 206380
112.699997 206380
112.800003 206380
112.900002 206380
113.000000 206380
113.099998 206380
113.199997 206380
113.300003 206380
113.400002 206380
113.500000 206380
113.599998 206380
113.699997 206380
113.800003 206380
113.900002 206380
114.000000 206380
114.099998 206380
114.199997 206348
114.300003 206348
114.400002 206348
114.500000 206348
114.599998 206348
114.699997 206348
114.800003 206348
114.900002 206348
115.000000 206348
115.099998 206348
115.199997 206348
115.300003 206348
115.400002 206348
115.500000 206348
115.599998 206348
115.699997 206348
115.800003 206380
115.900002 206380
116.000000 206380
116.099998 206380
116.199997 206348
116.300003 206348
116.400002 206348
116.500000 206348
116.599998 206348
116.699997 206348
116.800003 206348
116.900002 206348
117.000000 206348
117.099998 206348
117.199997 206348
117.300003 206348
117.400002 206348
117.500000 206348
117.599998 206348
117.699997 206348
117.800003 206348
117.900002 206348
118.000000 206348
118.099998 206348
118.199997 206316
118.300003 206316
118.400002 206316
118.500000 206380
118.599998 206380
118.699997 206380
118.800003 206380
118.900002 206380
119.000000 206380
119.099998 206380
119.199997 206380
119.300003 206380
119.400002 206380
119.500000 206380
119.599998 206380
119.699997 206380
119.800003 206380
119.900002 206380
120.000000 206380
