0.000000 206348
0.100000 206348
0.200000 206348
0.300000 206348
0.400000 206348
0.500000 206348
0.600000 206348
0.700000 206348
0.800000 206364
0.900000 206364
1.000000 206364
1.100000 206364
1.200000 206364
1.300000 206364
1.400000 206364
1.500000 206396
1.600000 206396
1.700000 206396
1.800000 206396
1.900000 206396
2.000000 206396
2.100000 206396
2.200000 206396
2.300000 206396
2.400000 206396
2.500000 206396
2.600000 206396
2.700000 206396
2.800000 206364
2.900000 206364
3.000000 206364
3.100000 206364
3.200000 206364
3.300000 206364
3.400000 206364
3.500000 206364
3.600000 206364
3.700000 206364
3.800000 206364
3.900000 206364
4.000000 206364
4.100000 206364
4.200000 206364
4.300000 206364
4.400000 206364
4.500000 206364
4.600000 205644
4.700000 205644
4.800000 205640
4.900000 205640
5.000000 205640
5.100000 205640
5.200000 205640
5.300000 205640
5.400000 205640
5.500000 205640
5.600000 205640
5.700000 205640
5.800000 205640
5.900000 205892
6.000000 205892
6.100000 205892
6.200000 205892
6.300000 205892
6.400000 205892
6.500000 205892
6.600000 205892
6.700000 205388
6.800000 205348
6.900000 205348
7.000000 205348
7.100000 205348
7.200000 205348
7.300000 205348
7.400000 205348
7.500000 205348
7.600000 205348
7.700000 205348
7.800000 205412
7.900000 205412
8.000000 205412
8.100000 205412
8.200000 205412
8.300000 205412
8.400000 205412
8.500000 205412
8.600000 205412
8.700000 205412
8.800000 205380
8.900000 205380
9.000000 205380
9.100000 205380
9.200000 205380
9.300000 205380
9.400000 205380
9.500000 205380
9.600000 205380
9.700000 205380
9.800000 205380
9.900000 205380
10.000000 205380
10.100000 205380
10.200000 205380
10.300000 205380
10.400000 205380
10.500000 205380
10.600000 205380
10.700000 205380
10.800000 205348
10.900000 205380
11.000000 205380
11.100000 205380
11.200000 205380
11.300000 205380
11.400000 205380
11.500000 205380
11.600000 205380
11.700000 205380
11.800000 205348
11.900000 205348
12.000000 205348
12.100000 205348
12.200000 205348
12.300000 205348
12.400000 205348
12.500000 205348
12.600000 205348
12.700000 205380
12.800000 205380
12.900000 205380
13.000000 205380
13.100000 205380
13.200000 205380
13.300000 205380
13.400000 205380
13.500000 205380
13.600000 205380
13.700000 205380
13.800000 205348
13.900000 205348
14.000000 205348
14.100000 205348
14.200000 205348
14.300000 205348
14.400000 205348
14.500000 205348
14.600000 205348
14.700000 205348
14.800000 205348
14.900000 205348
15.000000 205348
15.100000 205348
15.200000 205348
15.300000 205348
15.400000 205348
15.500000 205348
15.600000 205348
15.700000 205348
15.800000 205348
15.900000 205348
16.000000 205348
16.100000 205348
16.200001 205348
16.299999 205348
16.400000 205348
16.500000 205348
16.600000 205348
16.700001 205348
16.799999 205316
16.900000 205380
17.000000 205380
17.100000 205380
17.200001 205380
17.299999 205380
17.400000 205380
17.500000 205380
17.600000 205380
17.700001 205380
17.799999 205380
17.900000 205380
18.000000 205380
18.100000 205380
18.200001 205380
18.299999 205380
18.400000 205380
18.500000 205380
18.600000 205380
18.700001 205380
18.799999 205348
18.900000 205348
19.000000 205348
19.100000 205348
19.200001 205348
19.299999 205348
19.400000 205348
19.500000 205348
19.600000 205348
19.700001 205348
19.799999 205348
19.900000 205348
20.000000 205348
20.100000 205348
20.200001 205348
20.299999 205348
20.400000 205348
20.500000 205348
20.600000 205348
20.700001 205348
20.799999 205348
20.900000 205348
21.000000 205348
21.100000 205348
21.200001 205348
21.299999 205348
21.400000 205348
21.500000 205348
21.600000 205348
21.700001 205348
21.799999 205348
21.900000 205348
22.000000 205348
22.100000 205348
22.200001 205348
22.299999 205348
22.400000 205348
22.500000 205348
22.600000 205348
22.700001 205348
22.799999 205316
22.900000 205316
23.000000 205316
23.100000 205380
23.200001 205380
23.299999 205380
23.400000 205380
23.500000 205380
23.600000 205380
23.700001 205380
23.799999 205380
23.900000 205380
24.000000 205380
24.100000 205380
24.200001 205380
24.299999 205380
24.400000 205380
24.500000 205380
24.600000 205380
24.700001 205380
24.799999 205344
24.900000 205344
25.000000 205344
25.100000 205344
25.200001 205344
25.299999 205344
25.400000 205344
25.500000 205344
25.600000 205344
25.700001 205344
25.799999 205344
25.900000 205344
26.000000 205344
26.100000 205344
26.200001 205344
26.299999 205408
26.400000 205408
26.500000 205408
26.600000 205408
26.700001 205408
26.799999 205376
26.900000 205376
27.000000 205376
27.100000 205376
27.200001 205376
27.299999 205376
27.400000 205376
27.500000 205376
27.600000 205376
27.700001 205376
27.799999 205376
27.900000 205376
28.000000 205376
28.100000 205376
28.200001 205376
28.299999 205376
28.400000 205376
28.500000 205344
28.600000 205344
28.700001 205344
28.799999 205344
28.900000 205344
29.000000 205344
29.100000 205344
29.200001 205344
29.299999 205344
29.400000 205344
29.500000 205344
29.600000 205344
29.700001 205344
29.799999 205376
29.900000 205368
30.000000 205368
30.100000 205368
30.200001 205368
30.299999 208192
30.400000 210744
30.500000 212284
30.600000 211268
30.700001 210772
30.799999 210804
30.900000 210868
31.000000 210932
31.100000 210932
31.200001 211184
31.299999 211152
31.400000 211092
31.500000 211092
31.600000 211376
31.700001 211280
31.799999 211532
31.900000 211600
32.000000 211604
32.099998 211660
32.200001 212136
32.299999 211568
32.400002 212328
32.500000 211824
32.599998 211928
32.700001 211956
32.799999 212176
32.900002 212304
33.000000 212368
33.099998 212432
33.200001 212872
33.299999 212936
33.400002 212968
33.500000 212968
33.599998 213188
33.700001 213592
33.799999 214576
33.900002 215336
34.000000 215272
34.099998 212576
34.200001 212324
34.299999 212260
34.400002 212324
34.500000 212516
34.599998 212452
34.700001 212240
34.799999 212176
34.900002 212396
35.000000 212400
35.099998 212556
35.200001 212620
35.299999 212716
35.400002 212400
35.500000 212400
35.599998 212684
35.700001 212604
35.799999 212668
35.900002 212604
36.000000 212828
36.099998 212448
36.200001 212480
36.299999 212552
36.400002 212648
36.500000 212648
36.599998 213016
36.700001 212388
36.799999 212832
36.900002 212456
37.000000 212520
37.099998 212772
37.200001 212900
37.299999 212584
37.400002 212648
37.500000 212584
37.599998 212648
37.700001 212532
37.799999 212752
37.900002 212692
38.000000 212944
38.099998 212692
38.200001 212912
38.299999 212408
38.400002 212568
38.500000 212820
38.599998 212756
38.700001 212640
38.799999 212704
38.900002 212896
39.000000 212612
39.099998 212612
39.200001 212768
39.299999 212708
39.400002 212772
39.500000 212708
39.599998 212740
39.700001 212584
39.799999 212584
39.900002 212552
40.000000 212680
40.099998 212744
40.200001 212808
40.299999 212808
40.400002 212680
40.500000 212680
40.599998 212840
40.700001 212620
40.799999 212684
40.900002 212496
41.000000 212748
41.099998 212780
41.200001 212720
41.299999 212940
41.400002 212704
41.500000 212988
41.599998 212728
41.700001 212792
41.799999 213232
41.900002 213528
42.000000 212920
42.099998 212604
42.200001 213172
42.299999 212604
42.400002 212544
42.500000 212492
42.599998 212712
42.700001 212776
42.799999 212604
42.900002 212952
43.000000 212700
43.099998 212636
43.200001 212640
43.299999 212860
43.400002 212796
43.500000 212704
43.599998 212672
43.700001 212672
43.799999 212548
43.900002 212612
44.000000 212864
44.099998 212864
44.200001 212740
44.299999 212740
44.400002 212960
44.500000 212652
44.599998 212716
44.700001 212620
44.799999 212844
44.900002 212844
45.000000 212844
45.099998 213000
45.200001 212624
45.299999 212752
45.400002 212688
45.500000 212880
45.599998 212816
45.700001 212816
45.799999 212692
45.900002 213040
46.000000 212788
46.099998 212788
46.200001 212536
46.299999 212788
46.400002 212916
46.500000 212700
46.599998 212828
46.700001 212764
46.799999 212640
46.900002 212640
47.000000 212608
47.099998 212924
47.200001 212736
47.299999 212736
47.400002 212736
47.500000 212696
47.599998 212768
47.700001 212768
47.799999 212644
47.900002 212896
48.000000 212960
48.099998 212864
48.200001 212740
48.299999 212740
48.400002 212676
48.500000 212704
48.599998 212704
48.700001 212988
48.799999 212540
48.900002 212484
49.000000 213248
49.099998 214260
49.200001 215624
49.299999 215780
49.400002 215720
49.500000 215924
49.599998 216052
49.700001 216184
49.799999 216060
49.900002 212668
50.000000 212480
50.099998 212764
50.200001 212544
50.299999 212672
50.400002 212672
50.500000 212768
50.599998 212896
50.700001 212644
50.799999 212676
50.900002 212740
51.000000 212740
51.099998 212616
51.200001 212836
51.299999 212836
51.400002 212836
51.500000 212732
51.599998 212764
51.700001 212640
51.799999 212704
51.900002 212640
52.000000 212924
52.099998 212800
52.200001 212800
52.299999 212736
52.400002 213052
52.500000 212704
52.599998 212768
52.700001 212580
52.799999 212864
52.900002 212864
53.000000 212800
53.099998 212740
53.200001 212708
53.299999 212708
53.400002 212772
53.500000 212924
53.599998 213240
53.700001 212864
53.799999 212800
53.900002 213084
54.000000 212832
54.099998 212740
54.200001 212644
54.299999 212960
54.400002 212804
54.500000 212868
54.599998 212772
54.700001 212712
54.799999 212648
54.900002 212868
55.000000 213060
55.099998 212936
55.200001 212936
55.299999 213156
55.400002 212992
55.500000 212728
55.599998 212728
55.700001 212792
55.799999 212856
55.900002 212920
56.000000 213108
56.099998 212796
56.200001 212796
56.299999 212732
56.400002 213172
56.500000 212908
56.599998 212908
56.700001 212720
56.799999 212816
56.900002 212720
57.000000 212848
57.099998 212628
57.200001 212808
57.299999 212808
57.400002 212844
57.500000 212656
57.599998 212876
57.700001 212968
57.799999 213288
57.900002 213952
58.000000 213848
58.099998 214040
58.200001 214420
58.299999 214356
58.400002 215352
58.500000 215860
58.599998 215860
58.700001 215860
58.799999 215736
58.900002 214212
59.000000 213708
59.099998 212880
59.200001 212880
59.299999 212880
59.400002 212800
59.500000 212800
59.599998 212800
59.700001 212864
59.799999 212928
59.900002 212928
60.000000 212928
60.099998 212928
60.200001 212804
60.299999 212804
60.400002 212804
60.500000 212868
60.599998 212868
60.700001 212868
60.799999 212744
60.900002 212744
61.000000 212744
61.099998 212744
61.200001 212744
61.299999 212556
61.400002 212616
61.500000 211400
61.599998 208080
61.700001 206880
61.799999 206880
61.900002 206880
62.000000 206880
62.099998 206880
62.200001 206880
62.299999 206848
62.400002 206848
62.500000 206848
62.599998 206848
62.700001 206848
62.799999 206912
62.900002 206912
63.000000 206912
63.099998 206912
63.200001 206912
63.299999 206912
63.400002 206912
63.500000 206912
63.599998 206912
63.700001 206912
63.799999 206912
63.900002 206912
64.000000 206912
64.099998 206912
64.199997 206912
64.300003 206880
64.400002 206880
64.500000 206880
64.599998 206880
64.699997 206880
64.800003 206880
64.900002 206880
65.000000 206880
65.099998 206880
65.199997 206880
65.300003 206880
65.400002 206872
65.500000 206872
65.599998 206872
65.699997 206872
65.800003 206872
65.900002 206872
66.000000 206904
66.099998 206904
66.199997 206904
66.300003 206904
66.400002 206872
66.500000 206872
66.599998 206872
66.699997 206872
66.800003 206872
66.900002 206872
67.000000 206872
67.099998 206872
67.199997 206872
67.300003 206872
67.400002 206872
67.500000 206872
67.599998 206872
67.699997 206872
67.800003 206872
67.900002 206872
68.000000 206872
68.099998 206872
68.199997 206872
68.300003 206872
68.400002 206840
68.500000 206840
68.599998 206840
68.699997 206840
68.800003 206840
68.900002 206840
69.000000 206840
69.099998 206904
69.199997 206904
69.300003 206904
69.400002 206904
69.500000 206904
69.599998 206904
69.699997 206904
69.800003 206904
69.900002 206904
70.000000 206904
70.099998 206904
70.199997 206904
70.300003 206904
70.400002 206872
70.500000 206872
70.599998 206872
70.699997 206872
70.800003 206872
70.900002 206872
71.000000 206872
71.099998 206872
71.199997 206872
71.300003 206872
71.400002 206872
71.500000 206872
71.599998 206872
71.699997 206872
71.800003 206872
71.900002 206872
72.000000 206872
72.099998 206872
72.199997 206936
72.300003 206936
72.400002 206904
72.500000 206904
72.599998 206904
72.699997 206904
72.800003 206904
72.900002 206904
73.000000 206904
73.099998 206904
73.199997 206904
73.300003 206904
73.400002 206900
73.500000 206900
73.599998 206900
73.699997 206900
73.800003 206900
73.900002 206900
74.000000 206900
74.099998 206900
74.199997 206900
74.300003 206900
74.400002 206868
74.500000 206868
74.599998 206868
74.699997 206868
74.800003 206868
74.900002 206868
75.000000 206868
75.099998 206868
75.199997 206868
75.300003 206868
75.400002 206900
75.500000 206900
75.599998 206900
75.699997 206900
75.800003 206900
75.900002 206900
76.000000 206900
76.099998 206900
76.199997 206900
76.300003 206900
76.400002 206868
76.500000 206868
76.599998 206868
76.699997 206868
76.800003 206868
76.900002 206868
77.000000 206868
77.099998 206868
77.199997 206868
77.300003 206868
77.400002 206868
77.500000 206868
77.599998 206868
77.699997 206868
77.800003 206868
77.900002 206868
78.000000 206868
78.099998 206868
78.199997 206868
78.300003 206868
78.400002 206828
78.500000 206892
78.599998 206892
78.699997 206892
78.800003 206892
78.900002 206892
79.000000 206892
79.099998 206892
79.199997 206892
79.300003 206892
79.400002 206892
79.500000 206892
79.599998 206892
79.699997 206892
79.800003 206892
79.900002 206892
80.000000 206892
80.099998 206892
80.199997 206892
80.300003 206892
80.400002 206860
80.500000 206860
80.599998 206860
80.699997 206860
80.800003 206860
80.900002 206860
81.000000 206860
81.099998 206860
81.199997 206860
81.300003 206860
81.400002 206860
81.500000 206860
81.599998 206860
81.699997 206860
81.800003 206860
81.900002 206860
82.000000 206860
82.099998 206860
82.199997 206860
82.300003 206860
82.400002 206860
82.500000 206860
82.599998 206860
82.699997 206860
82.800003 206860
82.900002 206860
83.000000 206860
83.099998 206860
83.199997 206860
83.300003 206860
83.400002 206860
83.500000 206860
83.599998 206860
83.699997 206860
83.800003 206860
83.900002 206860
84.000000 206860
84.099998 206860
84.199997 206860
84.300003 206860
84.400002 206828
84.500000 206828
84.599998 206828
84.699997 206828
84.800003 206892
84.900002 206892
85.000000 206892
85.099998 206892
85.199997 206892
85.300003 206892
85.400002 206892
85.500000 206892
85.599998 206892
85.699997 206892
85.800003 206892
85.900002 206892
86.000000 206892
86.099998 206892
86.199997 206892
86.300003 206892
86.400002 206852
86.500000 206852
86.599998 206852
86.699997 206852
86.800003 206852
86.900002 206852
87.000000 206852
87.099998 206852
87.199997 206852
87.300003 206852
87.400002 206852
87.500000 206852
87.599998 206852
87.699997 206852
87.800003 206852
87.900002 206852
88.000000 206852
88.099998 206852
88.199997 206852
88.300003 206852
88.400002 206852
88.500000 206852
88.599998 206852
88.699997 206852
88.800003 206852
88.900002 206852
89.000000 206852
89.099998 206852
89.199997 206852
89.300003 206852
89.400002 206852
89.500000 206852
89.599998 206852
89.699997 206852
89.800003 206852
89.900002 206852
90.000000 206852
90.099998 206852
90.199997 206852
90.300003 206852
90.400002 206820
90.500000 206820
90.599998 206820
90.699997 206820
90.800003 206820
90.900002 206820
91.000000 206820
91.099998 206884
91.199997 206884
91.300003 206884
91.400002 206884
91.500000 206884
91.599998 206884
91.699997 206884
91.800003 206884
91.900002 206884
92.000000 206884
92.099998 206884
92.199997 206884
92.300003 206852
92.400002 206852
92.500000 206852
92.599998 206852
92.699997 206852
92.800003 206852
92.900002 206852
93.000000 206852
93.099998 206852
93.199997 206852
93.300003 206852
93.400002 206852
93.500000 206852
93.599998 206852
93.699997 206852
93.800003 206852
93.900002 206852
94.000000 206852
94.099998 206852
94.199997 206916
94.300003 206916
94.400002 206884
94.500000 206884
94.599998 206884
94.699997 206884
94.800003 206884
94.900002 206884
95.000000 206884
95.099998 206884
95.199997 206884
95.300003 206884
95.400002 206884
95.500000 206884
95.599998 206884
95.699997 206884
95.800003 206884
95.900002 206884
96.000000 206884
96.099998 206884
96.199997 206884
96.300003 206884
96.400002 206852
96.500000 206852
96.599998 206852
96.699997 206852
96.800003 206852
96.900002 206852
97.000000 206844
97.099998 206844
97.199997 206844
97.300003 206844
97.400002 206872
97.500000 206872
97.599998 206872
97.699997 206872
97.800003 206872
97.900002 206872
98.000000 206872
98.099998 206872
98.199997 206872
98.300003 206872
98.400002 206840
98.500000 206840
98.599998 206840
98.699997 206840
98.800003 206840
98.900002 206840
99.000000 206840
99.099998 206840
99.199997 206840
99.300003 206840
99.400002 206840
99.500000 206840
99.599998 206840
99.699997 206840
99.800003 206840
99.900002 206840
100.000000 206840
100.099998 206840
100.199997 206840
100.300003 206840
100.400002 206872
100.500000 206872
100.599998 206872
100.699997 206872
100.800003 206872
100.900002 206872
101.000000 206872
101.099998 206872
101.199997 206872
101.300003 206872
101.400002 206872
101.500000 206872
101.599998 206872
101.699997 206872
101.800003 206872
101.900002 206872
102.000000 206872
102.099998 206872
102.199997 206872
102.300003 206840
102.400002 206840
102.500000 206840
102.599998 206840
102.699997 206840
102.800003 206840
102.900002 206840
103.000000 206840
103.099998 206840
103.199997 206840
103.300003 206840
103.400002 206840
103.500000 206840
103.599998 206840
103.699997 206840
103.800003 206840
103.900002 206840
104.000000 206840
104.099998 206840
104.199997 206840
104.300003 206840
104.400002 206840
104.500000 206840
104.599998 206840
104.699997 206840
104.800003 206840
104.900002 206840
105.000000 206840
105.099998 206840
105.199997 206840
105.300003 206840
105.400002 206840
105.500000 206840
105.599998 206840
105.699997 206840
105.800003 206840
105.900002 206840
106.000000 206840
106.099998 206840
106.199997 206840
106.300003 206808
106.400002 206808
106.500000 206808
106.599998 206808
106.699997 206872
106.800003 206872
106.900002 206872
107.000000 206872
107.099998 206872
107.199997 206872
107.300003 206872
107.400002 206872
107.500000 206872
107.599998 206872
107.699997 206872
107.800003 206872
107.900002 206872
108.000000 206872
108.099998 206872
108.199997 206872
108.300003 206872
108.400002 206840
108.500000 206840
108.599998 206840
108.699997 206840
108.800003 206840
108.900002 206840
109.000000 206840
109.099998 206840
109.199997 206840
109.300003 206840
109.400002 206840
109.500000 206840
109.599998 206840
109.699997 206840
109.800003 206840
109.900002 206840
110.000000 206840
110.099998 206840
110.199997 206840
110.300003 206840
110.400002 206840
110.500000 206840
110.599998 206840
110.699997 206840
110.800003 206840
110.900002 206840
111.000000 206840
111.099998 206840
111.199997 206840
111.300003 206840
111.400002 206840
111.500000 206840
111.599998 206840
111.699997 206840
111.800003 206840
111.900002 206840
112.000000 206840
112.099998 206840
112.199997 206840
112.300003 206840
112.400002 206808
112.500000 206800
112.599998 206800
112.699997 206800
112.800003 206800
112.900002 206800
113.000000 206864
113.099998 206864
113.199997 206864
113.300003 206864
113.400002 206864
113.500000 206864
113.599998 206864
113.699997 206864
113.800003 206864
113.900002 206864
114.000000 206864
114.099998 206864
114.199997 206864
114.300003 206832
114.400002 206832
114.500000 206832
114.599998 206832
114.699997 206832
114.800003 206832
114.900002 206832
115.000000 206832
115.099998 206832
115.199997 206832
115.300003 206832
115.400002 206832
115.500000 206832
115.599998 206832
115.699997 206832
115.800003 206832
115.900002 206832
116.000000 206832
116.099998 206896
116.199997 206896
116.300003 206896
116.400002 206864
116.500000 206864
116.599998 206864
116.699997 206864
116.800003 206612
116.900002 206612
117.000000 206612
117.099998 206612
117.199997 206612
117.300003 206612
117.400002 206612
117.500000 206612
117.599998 206612
117.699997 206612
117.800003 206612
117.900002 206612
118.000000 206612
118.099998 206612
118.199997 206580
118.300003 206580
118.400002 206580
118.500000 206580
118.599998 206580
118.699997 206580
118.800003 206580
118.900002 206076
119.000000 206076
119.099998 206076
119.199997 206076
119.300003 206076
119.400002 206108
119.500000 206108
119.599998 206108
119.699997 206108
119.800003 206108
119.900002 206108
120.000000 206108
