0.000000 206076
0.100000 206076
0.200000 206076
0.300000 206092
0.400000 206092
0.500000 206092
0.600000 206092
0.700000 206092
0.800000 206092
0.900000 205588
1.000000 205588
1.100000 205588
1.200000 205588
1.300000 205588
1.400000 205588
1.500000 205588
1.600000 205588
1.700000 205588
1.800000 205588
1.900000 205588
2.000000 205588
2.100000 205588
2.200000 205588
2.300000 205620
2.400000 205620
2.500000 205620
2.600000 205620
2.700000 205620
2.800000 205620
2.900000 205620
3.000000 205116
3.100000 205116
3.200000 205116
3.300000 205116
3.400000 205116
3.500000 205116
3.600000 205116
3.700000 205116
3.800000 205116
3.900000 205116
4.000000 205116
4.100000 205084
4.200000 205084
4.300000 205084
4.400000 205084
4.500000 205084
4.600000 205084
4.700000 205084
4.800000 205084
4.900000 205084
5.000000 205084
5.100000 205084
5.200000 205084
5.300000 205084
5.400000 205084
5.500000 205084
5.600000 205084
5.700000 205084
5.800000 205084
5.900000 205084
6.000000 205084
6.100000 205084
6.200000 205084
6.300000 205076
6.400000 205076
6.500000 205076
6.600000 205076
6.700000 205076
6.800000 205076
6.900000 205076
7.000000 205076
7.100000 205076
7.200000 205076
7.300000 205076
7.400000 205076
7.500000 205076
7.600000 205076
7.700000 205076
7.800000 205076
7.900000 205076
8.000000 205076
8.100000 205076
8.200000 205076
8.300000 205044
8.400000 205044
8.500000 205108
8.600000 205108
8.700000 205108
8.800000 205108
8.900000 205108
9.000000 205108
9.100000 205108
9.200000 205108
9.300000 205108
9.400000 205108
9.500000 205108
9.600000 205108
9.700000 205108
9.800000 205108
9.900000 205108
10.000000 205108
10.100000 205108
10.200000 205108
10.300000 205076
10.400000 205076
10.500000 205076
10.600000 205076
10.700000 205076
10.800000 205076
10.900000 205076
11.000000 205076
11.100000 205076
11.200000 205076
11.300000 205076
11.400000 205076
11.500000 205076
11.600000 205076
11.700000 205076
11.800000 205076
11.900000 205076
12.000000 205076
12.100000 205076
12.200000 205076
12.300000 205076
12.400000 205076
12.500000 205076
12.600000 205076
12.700000 205076
12.800000 205076
12.900000 205076
13.000000 205076
13.100000 205076
13.200000 205076
13.300000 205076
13.400000 205076
13.500000 205076
13.600000 205076
13.700000 205076
13.800000 205076
13.900000 205076
14.000000 205076
14.100000 205076
14.200000 205076
14.300000 205044
14.400000 205044
14.500000 205044
14.600000 205044
14.700000 205108
14.800000 205108
14.900000 205108
15.000000 205108
15.100000 205108
15.200000 205108
15.300000 205108
15.400000 205108
15.500000 205108
15.600000 205108
15.700000 205108
15.800000 205108
15.900000 205108
16.000000 205108
16.100000 205108
16.200001 205108
16.299999 205076
16.400000 205076
16.500000 205076
16.600000 205076
16.700001 205076
16.799999 205076
16.900000 205076
17.000000 205076
17.100000 205076
17.200001 205076
17.299999 205076
17.400000 205076
17.500000 205076
17.600000 205076
17.700001 205076
17.799999 205076
17.900000 205140
18.000000 205140
18.100000 205140
18.200001 205140
18.299999 205108
18.400000 205108
18.500000 205108
18.600000 205108
18.700001 205108
18.799999 205108
18.900000 205108
19.000000 205108
19.100000 205108
19.200001 205108
19.299999 205108
19.400000 205108
19.500000 205108
19.600000 205108
19.700001 205108
19.799999 205108
19.900000 205108
20.000000 205108
20.100000 205108
20.200001 205108
20.299999 205076
20.400000 205076
20.500000 205076
20.600000 205076
20.700001 205076
20.799999 205076
20.900000 205076
21.000000 205108
21.100000 205108
21.200001 205108
21.299999 205108
21.400000 205108
21.500000 205108
21.600000 205108
21.700001 205108
21.799999 205108
21.900000 205108
22.000000 205108
22.100000 205108
22.200001 205108
22.299999 205076
22.400000 205076
22.500000 205076
22.600000 205076
22.700001 205076
22.799999 205076
22.900000 205076
23.000000 205076
23.100000 205076
23.200001 205076
23.299999 205076
23.400000 205076
23.500000 205076
23.600000 205076
23.700001 205076
23.799999 205076
23.900000 205076
24.000000 205076
24.100000 205076
24.200001 205076
24.299999 205108
24.400000 205108
24.500000 205108
24.600000 205108
24.700001 205108
24.799999 205108
24.900000 205108
25.000000 205108
25.100000 205108
25.200001 205108
25.299999 205104
25.400000 205104
25.500000 205104
25.600000 205104
25.700001 205104
25.799999 205104
25.900000 205104
26.000000 205104
26.100000 205104
26.200001 205104
26.299999 205072
26.400000 205072
26.500000 205072
26.600000 205072
26.700001 205072
26.799999 205072
26.900000 205072
27.000000 205072
27.100000 205072
27.200001 205072
27.299999 205104
27.400000 205104
27.500000 205104
27.600000 205104
27.700001 205104
27.799999 205104
27.900000 205104
28.000000 205104
28.100000 205104
28.200001 205104
28.299999 205072
28.400000 205072
28.500000 205072
28.600000 205072
28.700001 205072
28.799999 205072
28.900000 205072
29.000000 205072
29.100000 205072
29.200001 205072
29.299999 205072
29.400000 205072
29.500000 205072
29.600000 205072
29.700001 205072
29.799999 205072
29.900000 205072
30.000000 205072
30.100000 205072
30.200001 207136
30.299999 210016
30.400000 212260
30.500000 212452
30.600000 211620
30.700001 211176
30.799999 211112
30.900000 211176
31.000000 211396
31.100000 211272
31.200001 211272
31.299999 211168
31.400000 211232
31.500000 211168
31.600000 211108
31.700001 211108
31.799999 211360
31.900000 211612
32.000000 211612
32.099998 211708
32.200001 211708
32.299999 211680
32.400002 211932
32.500000 211932
32.599998 211808
32.700001 212060
32.799999 212344
32.900002 212344
33.000000 212220
33.099998 212156
33.200001 212220
33.299999 212148
33.400002 212148
33.500000 212148
33.599998 212528
33.700001 212528
33.799999 212528
33.900002 212528
34.000000 212528
34.099998 212380
34.200001 212388
34.299999 212428
34.400002 212364
34.500000 212688
34.599998 212564
34.700001 212564
34.799999 212500
34.900002 212500
35.000000 212500
35.099998 212440
35.200001 212440
35.299999 212424
35.400002 212424
35.500000 212676
35.599998 212488
35.700001 212552
35.799999 212488
35.900002 212552
36.000000 212552
36.099998 212428
36.200001 212428
36.299999 212384
36.400002 212636
36.500000 212636
36.599998 212512
36.700001 212512
36.799999 212576
36.900002 212576
37.000000 212512
37.099998 212324
37.200001 212388
37.299999 212368
37.400002 212588
37.500000 212588
37.599998 212588
37.700001 212464
37.799999 212464
37.900002 212464
38.000000 212464
38.099998 212464
38.200001 212340
38.299999 212356
38.400002 212356
38.500000 212608
38.599998 212608
38.700001 212484
38.799999 212484
38.900002 212484
39.000000 212484
39.099998 212484
39.200001 212360
39.299999 212368
39.400002 212368
39.500000 212588
39.599998 212464
39.700001 212464
39.799999 212336
39.900002 212804
40.000000 213588
40.099998 213460
40.200001 213600
40.299999 213672
40.400002 213728
40.500000 213792
40.599998 213588
40.700001 213524
40.799999 213580
40.900002 213580
41.000000 213580
41.099998 213580
41.200001 213456
41.299999 213460
41.400002 213460
41.500000 213460
41.599998 213336
41.700001 213336
41.799999 213336
41.900002 213336
42.000000 213336
42.099998 213212
42.200001 213212
42.299999 213212
42.400002 213212
42.500000 213212
42.599998 213088
42.700001 213088
42.799999 213088
42.900002 213088
43.000000 213088
43.099998 212964
43.200001 212960
43.299999 213024
43.400002 212960
43.500000 212960
43.599998 212836
43.700001 212836
43.799999 212836
43.900002 212836
44.000000 212900
44.099998 212712
44.200001 212740
44.299999 212676
44.400002 212740
44.500000 212740
44.599998 212836
44.700001 212836
44.799999 212836
44.900002 213316
45.000000 213252
45.099998 213280
45.200001 213264
45.299999 213224
45.400002 213224
45.500000 213224
45.599998 213100
45.700001 213100
45.799999 213100
45.900002 213100
46.000000 213100
46.099998 212976
46.200001 212976
46.299999 212976
46.400002 213016
46.500000 212904
46.599998 212716
46.700001 212740
46.799999 212716
46.900002 212716
47.000000 212780
47.099998 212592
47.200001 212820
47.299999 212884
47.400002 212884
47.500000 212760
47.599998 212760
47.700001 212760
47.799999 212860
47.900002 212804
48.000000 212892
48.099998 212832
48.200001 212876
48.299999 212876
48.400002 212876
48.500000 212876
48.599998 212752
48.700001 212752
48.799999 212688
48.900002 212752
49.000000 212628
49.099998 212564
49.200001 212584
49.299999 212584
49.400002 212584
49.500000 212388
49.599998 212980
49.700001 212980
49.799999 212980
49.900002 212980
50.000000 213044
50.099998 212856
50.200001 212884
50.299999 212884
50.400002 212884
50.500000 212884
50.599998 212760
50.700001 212760
50.799999 212760
50.900002 212824
51.000000 212760
51.099998 212376
51.200001 213348
51.299999 213284
51.400002 213500
51.500000 213312
51.599998 213376
51.700001 213376
51.799999 213376
51.900002 213312
52.000000 213252
52.099998 213252
52.200001 213216
52.299999 213216
52.400002 213216
52.500000 213092
52.599998 213092
52.700001 213092
52.799999 213092
52.900002 213092
53.000000 212968
53.099998 212968
53.200001 212992
53.299999 212928
53.400002 212928
53.500000 212992
53.599998 212868
53.700001 212868
53.799999 212804
53.900002 212804
54.000000 212804
54.099998 212744
54.200001 212728
54.299999 212728
54.400002 212728
54.500000 212728
54.599998 212604
54.700001 212824
54.799999 212824
54.900002 212888
55.000000 212888
55.099998 212764
55.200001 212760
55.299999 212760
55.400002 212728
55.500000 212728
55.599998 212668
55.700001 212888
55.799999 212888
55.900002 212888
56.000000 212888
56.099998 212764
56.200001 212772
56.299999 212772
56.400002 212772
56.500000 212648
56.599998 212648
56.700001 212932
56.799999 213152
56.900002 213152
57.000000 213152
57.099998 213028
57.200001 213024
57.299999 213024
57.400002 213024
57.500000 213024
57.599998 212900
57.700001 212900
57.799999 213184
57.900002 213120
58.000000 213184
58.099998 213060
58.200001 213040
58.299999 213040
58.400002 213040
58.500000 212916
58.599998 212916
58.700001 212916
58.799999 213200
58.900002 213136
59.000000 213076
59.099998 213012
59.200001 213044
59.299999 213044
59.400002 213044
59.500000 212920
59.599998 212920
59.700001 212920
59.799999 213712
59.900002 213840
60.000000 213968
60.099998 213908
60.200001 213904
60.299999 213840
60.400002 213776
60.500000 213716
60.599998 213716
60.700001 213716
60.799999 213652
60.900002 213716
61.000000 213592
61.099998 213592
61.200001 213472
61.299999 213472
61.400002 213472
61.500000 213412
61.599998 213412
61.700001 213412
61.799999 213412
61.900002 213412
62.000000 213224
62.099998 213288
62.200001 213240
62.299999 213280
62.400002 213216
62.500000 213156
62.599998 213140
62.700001 213140
62.799999 213140
62.900002 213140
63.000000 213016
63.099998 213016
63.200001 213000
63.299999 213000
63.400002 213000
63.500000 213128
63.599998 213128
63.700001 213128
63.799999 213128
63.900002 213212
64.000000 213956
64.099998 214148
64.199997 214140
64.300003 214076
64.400002 214076
64.500000 213952
64.599998 213952
64.699997 213952
64.800003 213952
64.900002 213828
65.000000 213828
65.099998 213828
65.199997 213776
65.300003 213776
65.400002 213776
65.500000 213652
65.599998 213652
65.699997 213652
65.800003 213692
65.900002 213692
66.000000 213692
66.099998 213628
66.199997 213568
66.300003 213568
66.400002 213568
66.500000 213444
66.599998 213444
66.699997 213444
66.800003 213444
66.900002 213444
67.000000 213320
67.099998 213320
67.199997 213276
67.300003 213340
67.400002 213276
67.500000 211104
67.599998 207508
67.699997 207508
67.800003 207508
67.900002 207508
68.000000 207508
68.099998 207540
68.199997 207540
68.300003 207540
68.400002 207540
68.500000 207540
68.599998 207540
68.699997 207540
68.800003 207540
68.900002 207540
69.000000 207540
69.099998 207540
69.199997 207508
69.300003 207508
69.400002 207508
69.500000 207508
69.599998 207508
69.699997 207508
69.800003 207508
69.900002 207508
70.000000 207508
70.099998 207508
70.199997 207508
70.300003 207508
70.400002 207508
70.500000 207508
70.599998 207508
70.699997 207508
70.800003 207508
70.900002 207508
71.000000 207508
71.099998 207508
71.199997 207532
71.300003 207532
71.400002 207532
71.500000 207532
71.599998 207532
71.699997 207532
71.800003 207532
71.900002 207532
72.000000 207532
72.099998 207532
72.199997 207532
72.300003 207532
72.400002 207532
72.500000 207532
72.599998 207532
72.699997 207532
72.800003 207532
72.900002 207532
73.000000 207532
73.099998 207532
73.199997 207496
73.300003 207496
73.400002 207496
73.500000 207496
73.599998 207496
73.699997 207496
73.800003 207496
73.900002 207496
74.000000 207496
74.099998 207496
74.199997 207496
74.300003 207496
74.400002 207496
74.500000 207496
74.599998 207496
74.699997 207496
74.800003 207496
74.900002 207496
75.000000 207496
75.099998 207496
75.199997 207496
75.300003 207496
75.400002 207496
75.500000 207496
75.599998 207496
75.699997 207496
75.800003 207496
75.900002 207496
76.000000 207496
76.099998 207496
76.199997 207496
76.300003 207496
76.400002 207496
76.500000 207496
76.599998 207496
76.699997 207496
76.800003 207496
76.900002 207496
77.000000 207496
77.099998 207496
77.199997 207464
77.300003 207464
77.400002 207464
77.500000 207528
77.599998 207528
77.699997 207528
77.800003 207528
77.900002 207528
78.000000 207528
78.099998 207528
78.199997 207528
78.300003 207528
78.400002 207528
78.500000 207528
78.599998 207528
78.699997 207528
78.800003 207528
78.900002 207528
79.000000 207528
79.099998 207528
79.199997 207488
79.300003 207488
79.400002 207488
79.500000 207488
79.599998 207488
79.699997 207488
79.800003 207488
79.900002 207488
80.000000 207488
80.099998 207488
80.199997 207488
80.300003 207488
80.400002 207488
80.500000 207488
80.599998 207552
80.699997 207552
80.800003 207552
80.900002 207552
81.000000 207552
81.099998 207552
81.199997 207520
81.300003 207520
81.400002 207520
81.500000 207520
81.599998 207520
81.699997 207520
81.800003 207520
81.900002 207520
82.000000 207520
82.099998 207520
82.199997 207520
82.300003 207520
82.400002 207520
82.500000 207520
82.599998 207520
82.699997 207520
82.800003 207520
82.900002 207520
83.000000 207520
83.099998 207520
83.199997 207488
83.300003 207488
83.400002 207488
83.500000 207488
83.599998 207488
83.699997 207488
83.800003 207520
83.900002 207520
84.000000 207520
84.099998 207520
84.199997 207520
84.300003 207520
84.400002 207520
84.500000 207520
84.599998 207520
84.699997 207520
84.800003 207520
84.900002 207520
85.000000 207520
85.099998 207520
85.199997 207488
85.300003 207488
85.400002 207488
85.500000 207488
85.599998 207488
85.699997 207488
85.800003 207488
85.900002 207488
86.000000 207488
86.099998 207488
86.199997 207488
86.300003 207480
86.400002 207480
86.500000 207480
86.599998 207480
86.699997 207480
86.800003 207480
86.900002 207512
87.000000 207512
87.099998 207512
87.199997 207512
87.300003 207512
87.400002 207512
87.500000 207512
87.599998 207512
87.699997 207512
87.800003 207512
87.900002 207512
88.000000 207512
88.099998 207512
88.199997 207512
88.300003 207512
88.400002 207512
88.500000 207512
88.599998 207512
88.699997 207512
88.800003 207512
88.900002 207512
89.000000 207512
89.099998 207512
89.199997 207480
89.300003 207480
89.400002 207480
89.500000 207480
89.599998 207480
89.699997 207480
89.800003 207480
89.900002 207480
90.000000 207512
90.099998 207512
90.199997 207512
90.300003 207512
90.400002 207512
90.500000 207512
90.599998 207512
90.699997 207512
90.800003 207512
90.900002 207512
91.000000 207512
91.099998 207512
91.199997 207480
91.300003 207480
91.400002 207480
91.500000 207480
91.599998 207480
91.699997 207480
91.800003 207480
91.900002 207480
92.000000 207480
92.099998 207480
92.199997 207480
92.300003 207480
92.400002 207480
92.500000 207480
92.599998 207480
92.699997 207480
92.800003 207480
92.900002 207480
93.000000 207480
93.099998 207480
93.199997 207512
93.300003 207512
93.400002 207512
93.500000 207512
93.599998 207512
93.699997 207512
93.800003 207512
93.900002 207512
94.000000 207512
94.099998 207512
94.199997 207512
94.300003 207512
94.400002 207512
94.500000 207512
94.599998 207512
94.699997 207512
94.800003 207512
94.900002 207512
95.000000 207512
95.099998 207512
95.199997 207480
95.300003 207480
95.400002 207480
95.500000 207480
95.599998 207480
95.699997 207480
95.800003 207480
95.900002 207480
96.000000 207480
96.099998 207480
96.199997 207472
96.300003 207504
96.400002 207504
96.500000 207504
96.599998 207504
96.699997 207504
96.800003 207504
96.900002 207472
97.000000 207472
97.099998 207472
97.199997 207468
97.300003 207468
97.400002 207468
97.500000 207468
97.599998 207468
97.699997 207468
97.800003 207468
97.900002 207468
98.000000 207468
98.099998 207468
98.199997 207468
98.300003 207468
98.400002 207468
98.500000 207468
98.599998 207468
98.699997 207468
98.800003 207468
98.900002 207436
99.000000 207436
99.099998 207436
99.199997 207436
99.300003 207436
99.400002 207436
99.500000 207500
99.599998 207500
99.699997 207500
99.800003 207500
99.900002 207500
100.000000 207500
100.099998 207500
100.199997 207500
100.300003 207500
100.400002 207500
100.500000 207500
100.599998 207500
100.699997 207500
100.800003 207468
100.900002 207468
101.000000 207468
101.099998 207468
101.199997 207468
101.300003 207468
101.400002 207468
101.500000 207468
101.599998 207468
101.699997 207468
101.800003 207468
101.900002 207468
102.000000 207468
102.099998 207468
102.199997 207468
102.300003 207468
102.400002 207468
102.500000 207532
102.599998 207532
102.699997 207532
102.800003 207532
102.900002 207532
103.000000 207532
103.099998 207532
103.199997 207492
103.300003 207492
103.400002 207492
103.500000 207492
103.599998 207492
103.699997 207492
103.800003 207492
103.900002 207492
104.000000 207492
104.099998 207492
104.199997 207492
104.300003 207492
104.400002 207492
104.500000 207492
104.599998 207492
104.699997 207492
104.800003 207492
104.900002 207492
105.000000 207492
105.099998 207492
105.199997 207460
105.300003 207460
105.400002 207460
105.500000 207460
105.599998 207460
105.699997 207492
105.800003 207492
105.900002 207492
106.000000 207492
106.099998 207492
106.199997 207492
106.300003 207492
106.400002 207492
106.500000 207492
106.599998 207492
106.699997 207492
106.800003 207492
106.900002 207492
107.000000 207492
107.099998 207492
107.199997 207460
107.300003 207460
107.400002 207460
107.500000 207460
107.599998 207460
107.699997 207460
107.800003 207460
107.900002 207460
108.000000 207460
108.099998 207460
108.199997 207460
108.300003 207460
108.400002 207460
108.500000 207460
108.599998 207460
108.699997 207460
108.800003 207460
108.900002 207460
109.000000 207460
109.099998 207460
109.199997 207492
109.300003 207492
109.400002 207492
109.500000 207492
109.599998 207492
109.699997 207492
109.800003 207492
109.900002 207492
110.000000 207492
110.099998 207492
110.199997 207492
110.300003 207492
110.400002 207492
110.500000 207492
110.599998 207492
110.699997 207492
110.800003 207492
110.900002 207492
111.000000 207492
111.099998 207492
111.199997 207460
111.300003 207460
111.400002 207460
111.500000 207460
111.599998 207460
111.699997 207460
111.800003 207460
111.900002 207492
112.000000 207492
112.099998 207492
112.199997 207492
112.300003 207492
112.400002 207492
112.500000 207492
112.599998 207492
112.699997 207492
112.800003 207492
112.900002 207492
113.000000 207492
113.099998 207492
113.199997 207452
113.300003 207452
113.400002 207452
113.500000 207452
113.599998 207452
113.699997 207452
113.800003 207452
113.900002 207452
114.000000 207452
114.099998 207452
114.199997 207452
114.300003 207452
114.400002 207452
114.500000 207452
114.599998 207452
114.699997 207452
114.800003 207452
114.900002 207452
115.000000 207452
115.099998 207452
115.199997 207484
115.300003 207484
115.400002 207484
115.500000 207484
115.599998 207484
115.699997 207484
115.800003 207484
115.900002 207484
116.000000 207484
116.099998 207484
116.199997 207484
116.300003 207484
116.400002 207484
116.500000 207484
116.599998 207484
116.699997 207484
116.800003 207484
116.900002 207484
117.000000 207484
117.099998 207484
117.199997 207452
117.300003 207452
117.400002 207452
117.500000 207452
117.599998 207452
117.699997 207452
117.800003 207452
117.900002 207452
118.000000 207452
118.099998 207452
118.199997 207452
118.300003 207484
118.400002 207484
118.500000 207484
118.599998 207484
118.699997 207484
118.800003 207484
118.900002 207452
119.000000 207452
119.099998 207452
119.199997 207452
119.300003 207452
119.400002 207452
119.500000 207452
119.599998 207452
119.699997 207452
119.800003 207452
119.900002 207452
120.000000 207452
