0.000000 206156
0.100000 206156
0.200000 206156
0.300000 206156
0.400000 206220
0.500000 206220
0.600000 206220
0.700000 206236
0.800000 206236
0.900000 206236
1.000000 206236
1.100000 206236
1.200000 206236
1.300000 206236
1.400000 206236
1.500000 206236
1.600000 206236
1.700000 206236
1.800000 206236
1.900000 206236
2.000000 206236
2.100000 206236
2.200000 206236
2.300000 206236
2.400000 206236
2.500000 206236
2.600000 206236
2.700000 206204
2.800000 206204
2.900000 206204
3.000000 206204
3.100000 206204
3.200000 206204
3.300000 206204
3.400000 206204
3.500000 206236
3.600000 206236
3.700000 206236
3.800000 206236
3.900000 206236
4.000000 206236
4.100000 206236
4.200000 206236
4.300000 206236
4.400000 206236
4.500000 206236
4.600000 206236
4.700000 206204
4.800000 206204
4.900000 206204
5.000000 206204
5.100000 206204
5.200000 206204
5.300000 206204
5.400000 206204
5.500000 206204
5.600000 206204
5.700000 206204
5.800000 206424
5.900000 206424
6.000000 206424
6.100000 206424
6.200000 206424
6.300000 206424
6.400000 206424
6.500000 206424
6.600000 206488
6.700000 206480
6.800000 206480
6.900000 206480
7.000000 206480
7.100000 206480
7.200000 206480
7.300000 206480
7.400000 206228
7.500000 206228
7.600000 206228
7.700000 206228
7.800000 206196
7.900000 206196
8.000000 206196
8.100000 206196
8.200000 206196
8.300000 206196
8.400000 206196
8.500000 206196
8.600000 206196
8.700000 206196
8.800000 206196
8.900000 206196
9.000000 206196
9.100000 206196
9.200000 206196
9.300000 206196
9.400000 206196
9.500000 206196
9.600000 206196
9.700000 206260
9.800000 206228
9.900000 206228
10.000000 206228
10.100000 206228
10.200000 206228
10.300000 206228
10.400000 206228
10.500000 206228
10.600000 206228
10.700000 206228
10.800000 206228
10.900000 206228
11.000000 206228
11.100000 206228
11.200000 206228
11.300000 206228
11.400000 206228
11.500000 206228
11.600000 206228
11.700000 206228
11.800000 206196
11.900000 206196
12.000000 206196
12.100000 206196
12.200000 206196
12.300000 206196
12.400000 206196
12.500000 206196
12.600000 206196
12.700000 206196
12.800000 206196
12.900000 206196
13.000000 206196
13.100000 206196
13.200000 206196
13.300000 206196
13.400000 206196
13.500000 206196
13.600000 206196
13.700000 206228
13.800000 206196
13.900000 206196
14.000000 206196
14.100000 206196
14.200000 206196
14.300000 206196
14.400000 206196
14.500000 206196
14.600000 206196
14.700000 206196
14.800000 206196
14.900000 206196
15.000000 206196
15.100000 206196
15.200000 206196
15.300000 206196
15.400000 206196
15.500000 206196
15.600000 206196
15.700000 206196
15.800000 206164
15.900000 206164
16.000000 206228
16.100000 206228
16.200001 206228
16.299999 206228
16.400000 206228
16.500000 206228
16.600000 206228
16.700001 206228
16.799999 206228
16.900000 206228
17.000000 206228
17.100000 206228
17.200001 206228
17.299999 206228
17.400000 206228
17.500000 206228
17.600000 206228
17.700001 206228
17.799999 206196
17.900000 206196
18.000000 206196
18.100000 206196
18.200001 206196
18.299999 206196
18.400000 206196
18.500000 206196
18.600000 206196
18.700001 206196
18.799999 206196
18.900000 206196
19.000000 206196
19.100000 206196
19.200001 206196
19.299999 206196
19.400000 206196
19.500000 206196
19.600000 206196
19.700001 206228
19.799999 206196
19.900000 206196
20.000000 206196
20.100000 206196
20.200001 206196
20.299999 206196
20.400000 206196
20.500000 206196
20.600000 206196
20.700001 206196
20.799999 206196
20.900000 206196
21.000000 206196
21.100000 206196
21.200001 206196
21.299999 206196
21.400000 206196
21.500000 206196
21.600000 206196
21.700001 206196
21.799999 206164
21.900000 206164
22.000000 206164
22.100000 206164
22.200001 206164
22.299999 206228
22.400000 206228
22.500000 206228
22.600000 206228
22.700001 206228
22.799999 206228
22.900000 206228
23.000000 206228
23.100000 206228
23.200001 206228
23.299999 206228
23.400000 206228
23.500000 206228
23.600000 206228
23.700001 206228
23.799999 206196
23.900000 206196
24.000000 206196
24.100000 206196
24.200001 206196
24.299999 206196
24.400000 206196
24.500000 206196
24.600000 206196
24.700001 206192
24.799999 206192
24.900000 206192
25.000000 206192
25.100000 206192
25.200001 206192
25.299999 206192
25.400000 206192
25.500000 206192
25.600000 206192
25.700001 206224
25.799999 206192
25.900000 206192
26.000000 206192
26.100000 206192
26.200001 206192
26.299999 206192
26.400000 206192
26.500000 206192
26.600000 206192
26.700001 206192
26.799999 206192
26.900000 206192
27.000000 206192
27.100000 206192
27.200001 206192
27.299999 206192
27.400000 206192
27.500000 206192
27.600000 206192
27.700001 206192
27.799999 206160
27.900000 206160
28.000000 206160
28.100000 206160
28.200001 206160
28.299999 206160
28.400000 206160
28.500000 206160
28.600000 206224
28.700001 206224
28.799999 206224
28.900000 206224
29.000000 206224
29.100000 206224
29.200001 206224
29.299999 206224
29.400000 206224
29.500000 206224
29.600000 206224
29.700001 206192
29.799999 206192
29.900000 206192
30.000000 206192
30.100000 206192
30.200001 206256
30.299999 210832
30.400000 213184
30.500000 212288
30.600000 211908
30.700001 211684
30.799999 211620
30.900000 211620
31.000000 211780
31.100000 211844
31.200001 212032
31.299999 212316
31.400000 211876
31.500000 212444
31.600000 212192
31.700001 212424
31.799999 212360
31.900000 212488
32.000000 212772
32.099998 212520
32.200001 212644
32.299999 212656
32.400002 212972
32.500000 213120
32.599998 213372
32.700001 213280
32.799999 213092
32.900002 213252
33.000000 213284
33.099998 213284
33.200001 213252
33.299999 213412
33.400002 213348
33.500000 213348
33.599998 213540
33.700001 213184
33.799999 213312
33.900002 213188
34.000000 213692
34.099998 213376
34.200001 213440
34.299999 213348
34.400002 213316
34.500000 213252
34.599998 213412
34.700001 213444
34.799999 213508
34.900002 213384
35.000000 213416
35.099998 213288
35.200001 213768
35.299999 213132
35.400002 213232
35.500000 213772
35.599998 213584
35.700001 213648
35.799999 213460
35.900002 213168
36.000000 213632
36.099998 213508
36.200001 213856
36.299999 213668
36.400002 213920
36.500000 213668
36.599998 213608
36.700001 213608
36.799999 213608
36.900002 213484
37.000000 213864
37.099998 213800
37.200001 213548
37.299999 213424
37.400002 213644
37.500000 213644
37.599998 213580
37.700001 213896
37.799999 213580
37.900002 213456
38.000000 213548
38.099998 213864
38.200001 213928
38.299999 213868
38.400002 213932
38.500000 213868
38.599998 213696
38.700001 213572
38.799999 213980
38.900002 213668
39.000000 213604
39.099998 213604
39.200001 213856
39.299999 213668
39.400002 213480
39.500000 213796
39.599998 213712
39.700001 213712
39.799999 213680
39.900002 213840
40.000000 213840
40.099998 213492
40.200001 213840
40.299999 213748
40.400002 213620
40.500000 213684
40.599998 213852
40.700001 213852
40.799999 213600
40.900002 213476
41.000000 213696
41.099998 213696
41.200001 213760
41.299999 213540
41.400002 213888
41.500000 213760
41.599998 213840
41.700001 213588
41.799999 214028
41.900002 213588
42.000000 213716
42.099998 213652
42.200001 213812
42.299999 213684
42.400002 213560
42.500000 213560
42.599998 213748
42.700001 213748
42.799999 214064
42.900002 213812
43.000000 213624
43.099998 213876
43.200001 213624
43.299999 214004
43.400002 213848
43.500000 213784
43.599998 213656
43.700001 213876
43.799999 213592
43.900002 213532
44.000000 213532
44.099998 213784
44.200001 213712
44.299999 213624
44.400002 213944
44.500000 213628
44.599998 213664
44.700001 213664
44.799999 213664
44.900002 213760
45.000000 213760
45.099998 213760
45.200001 213636
45.299999 213856
45.400002 214140
45.500000 213636
45.599998 213628
45.700001 213880
45.799999 213588
45.900002 213620
46.000000 213748
46.099998 214032
46.200001 213592
46.299999 213592
46.400002 213624
46.500000 213876
46.599998 213780
46.700001 213780
46.799999 213780
46.900002 214224
47.000000 213592
47.099998 213656
47.200001 213908
47.299999 213848
47.400002 213848
47.500000 213760
47.599998 214024
47.700001 214024
47.799999 213648
47.900002 213744
48.000000 213932
48.099998 213708
48.200001 213584
48.299999 213776
48.400002 213964
48.500000 214060
48.599998 213688
48.700001 213752
48.799999 213880
48.900002 214036
49.000000 213816
49.099998 214100
49.200001 213724
49.299999 213724
49.400002 213724
49.500000 213696
49.599998 213884
49.700001 213884
49.799999 213824
49.900002 213728
50.000000 213728
50.099998 213584
50.200001 213620
50.299999 213872
50.400002 213872
50.500000 214056
50.599998 213804
50.700001 213868
50.799999 213680
50.900002 213616
51.000000 213584
51.099998 213964
51.200001 213840
51.299999 213840
51.400002 213840
51.500000 213816
51.599998 213752
51.700001 214004
51.799999 213848
51.900002 213912
52.000000 214256
52.099998 213752
52.200001 213692
52.299999 213756
52.400002 213820
52.500000 213960
52.599998 213960
52.700001 213960
52.799999 213648
52.900002 213616
53.000000 213836
53.099998 214120
53.200001 213808
53.299999 213964
53.400002 213964
53.500000 213888
53.599998 213700
53.700001 213888
53.799999 213764
53.900002 213764
54.000000 213764
54.099998 214048
54.200001 213924
54.299999 213640
54.400002 213640
54.500000 213788
54.599998 213852
54.700001 213852
54.799999 213980
54.900002 213916
55.000000 213728
55.099998 213728
55.200001 213792
55.299999 213856
55.400002 213792
55.500000 213716
55.599998 214000
55.700001 213968
55.799999 213720
55.900002 213592
56.000000 214128
56.099998 213876
56.200001 213816
56.299999 213688
56.400002 214004
56.500000 214024
56.599998 213708
56.700001 213604
56.799999 214064
56.900002 214128
57.000000 213876
57.099998 213812
57.200001 213940
57.299999 214068
57.400002 214004
57.500000 214100
57.599998 213912
57.700001 213852
57.799999 214104
57.900002 214356
58.000000 213820
58.099998 213696
58.200001 214168
58.299999 213980
58.400002 213856
58.500000 214060
58.599998 213808
58.700001 213808
58.799999 213748
58.900002 213976
59.000000 213912
59.099998 213788
59.200001 214040
59.299999 213852
59.400002 213852
59.500000 213848
59.599998 214004
59.700001 213816
59.799999 213816
59.900002 214384
60.000000 213344
60.099998 213668
60.200001 210280
60.299999 208036
60.400002 208052
60.500000 208052
60.599998 208052
60.700001 208052
60.799999 208052
60.900002 208052
61.000000 208052
61.099998 207416
61.200001 205960
61.299999 205920
61.400002 205984
61.500000 205984
61.599998 205984
61.700001 205984
61.799999 205984
61.900002 205984
62.000000 205984
62.099998 205984
62.200001 205984
62.299999 205984
62.400002 205984
62.500000 205984
62.599998 205984
62.700001 205984
62.799999 205984
62.900002 205984
63.000000 205984
63.099998 205984
63.200001 205984
63.299999 205984
63.400002 205952
63.500000 205952
63.599998 205952
63.700001 205952
63.799999 205952
63.900002 205952
64.000000 205952
64.099998 205952
64.199997 205952
64.300003 205952
64.400002 205952
64.500000 205952
64.599998 205952
64.699997 205952
64.800003 205952
64.900002 205952
65.000000 205952
65.099998 205952
65.199997 205952
65.300003 205952
65.400002 205952
65.500000 205952
65.599998 205952
65.699997 205952
65.800003 205952
65.900002 205952
66.000000 205952
66.099998 205952
66.199997 205952
66.300003 205952
66.400002 205952
66.500000 205944
66.599998 205944
66.699997 205944
66.800003 205944
66.900002 205944
67.000000 205944
67.099998 205944
67.199997 205944
67.300003 205944
67.400002 205912
67.500000 205912
67.599998 205912
67.699997 205976
67.800003 205976
67.900002 205976
68.000000 205976
68.099998 205976
68.199997 205976
68.300003 205976
68.400002 205976
68.500000 205976
68.599998 205976
68.699997 205976
68.800003 205976
68.900002 205976
69.000000 205976
69.099998 205976
69.199997 205976
69.300003 205976
69.400002 205944
69.500000 205944
69.599998 205944
69.699997 205944
69.800003 205944
69.900002 205944
70.000000 205944
70.099998 205944
70.199997 205944
70.300003 205944
70.400002 205944
70.500000 205944
70.599998 205944
70.699997 205944
70.800003 205944
70.900002 206008
71.000000 206008
71.099998 206008
71.199997 206008
71.300003 206008
71.400002 205976
71.500000 205976
71.599998 205976
71.699997 205976
71.800003 205976
71.900002 205976
72.000000 205976
72.099998 205976
72.199997 205976
72.300003 205976
72.400002 205976
72.500000 205976
72.599998 205976
72.699997 205976
72.800003 205976
72.900002 205976
73.000000 205976
73.099998 205976
73.199997 205976
73.300003 205976
73.400002 205940
73.500000 205940
73.599998 205940
73.699997 205940
73.800003 205940
73.900002 205940
74.000000 205940
74.099998 205972
74.199997 205972
74.300003 205972
74.400002 205972
74.500000 205972
74.599998 205972
74.699997 205972
74.800003 205972
74.900002 205972
75.000000 205972
75.099998 205972
75.199997 205972
75.300003 205972
75.400002 205940
75.500000 205940
75.599998 205940
75.699997 205940
75.800003 205940
75.900002 205940
76.000000 205940
76.099998 205940
76.199997 205940
76.300003 205940
76.400002 205940
76.500000 205940
76.599998 205940
76.699997 205940
76.800003 205940
76.900002 205940
77.000000 205940
77.099998 205940
77.199997 205940
77.300003 205940
77.400002 205972
77.500000 205972
77.599998 205972
77.699997 205972
77.800003 205972
77.900002 205972
78.000000 205972
78.099998 205972
78.199997 205972
78.300003 205972
78.400002 205964
78.500000 205964
78.599998 205964
78.699997 205964
78.800003 205964
78.900002 205964
79.000000 205964
79.099998 205964
79.199997 205964
79.300003 205964
79.400002 205932
79.500000 205932
79.599998 205932
79.699997 205932
79.800003 205932
79.900002 205932
80.000000 205932
80.099998 205932
80.199997 205932
80.300003 205932
80.400002 205964
80.500000 205964
80.599998 205964
80.699997 205964
80.800003 205964
80.900002 205964
81.000000 205964
81.099998 205964
81.199997 205964
81.300003 205964
81.400002 205932
81.500000 205932
81.599998 205932
81.699997 205932
81.800003 205932
81.900002 205932
82.000000 205932
82.099998 205932
82.199997 205932
82.300003 205932
82.400002 205932
82.500000 205932
82.599998 205932
82.699997 205932
82.800003 205932
82.900002 205932
83.000000 205932
83.099998 205932
83.199997 205932
83.300003 205932
83.400002 205900
83.500000 205964
83.599998 205964
83.699997 205964
83.800003 205964
83.900002 205964
84.000000 205964
84.099998 205964
84.199997 205964
84.300003 205964
84.400002 205964
84.500000 205964
84.599998 205964
84.699997 205964
84.800003 205964
84.900002 205964
85.000000 205964
85.099998 205964
85.199997 205964
85.300003 205964
85.400002 205932
85.500000 205932
85.599998 205932
85.699997 205932
85.800003 205932
85.900002 205932
86.000000 205932
86.099998 205932
86.199997 205932
86.300003 205932
86.400002 205932
86.500000 205932
86.599998 205932
86.699997 205932
86.800003 205932
86.900002 205932
87.000000 205932
87.099998 205932
87.199997 205932
87.300003 205932
87.400002 205924
87.500000 205924
87.599998 205924
87.699997 205924
87.800003 205924
87.900002 205924
88.000000 205924
88.099998 205924
88.199997 205924
88.300003 205924
88.400002 205924
88.500000 205924
88.599998 205924
88.699997 205924
88.800003 205924
88.900002 205924
89.000000 205924
89.099998 205924
89.199997 205924
89.300003 205924
89.400002 205892
89.500000 205892
89.599998 205892
89.699997 205892
89.800003 205956
89.900002 205956
90.000000 205956
90.099998 205956
90.199997 205956
90.300003 205956
90.400002 205956
90.500000 205956
90.599998 205956
90.699997 205956
90.800003 205956
90.900002 205956
91.000000 205956
91.099998 205956
91.199997 205956
91.300003 205956
91.400002 205924
91.500000 205924
91.599998 205924
91.699997 205924
91.800003 205924
91.900002 205924
92.000000 205924
92.099998 205924
92.199997 205924
92.300003 205924
92.400002 205924
92.500000 205924
92.599998 205924
92.699997 205924
92.800003 205924
92.900002 205924
93.000000 205988
93.099998 205988
93.199997 205988
93.300003 205988
93.400002 205956
93.500000 205956
93.599998 205956
93.699997 205956
93.800003 205956
93.900002 205956
94.000000 205956
94.099998 205956
94.199997 205956
94.300003 205956
94.400002 205956
94.500000 205956
94.599998 205956
94.699997 205956
94.800003 205956
94.900002 205956
95.000000 205956
95.099998 205956
95.199997 205956
95.300003 205956
95.400002 205924
95.500000 205924
95.599998 205924
95.699997 205924
95.800003 205924
95.900002 205924
96.000000 205924
96.099998 205956
96.199997 205956
96.300003 205956
96.400002 205956
96.500000 205956
96.599998 205956
96.699997 205956
96.800003 205956
96.900002 205956
97.000000 205956
97.099998 205956
97.199997 205956
97.300003 205956
97.400002 205920
97.500000 205920
97.599998 205920
97.699997 205920
97.800003 205920
97.900002 205920
98.000000 205920
98.099998 205920
98.199997 205920
98.300003 205920
98.400002 205920
98.500000 205920
98.599998 205920
98.699997 205920
98.800003 205920
98.900002 205920
99.000000 205920
99.099998 205920
99.199997 205920
99.300003 205920
99.400002 205952
99.500000 205952
99.599998 205952
99.699997 205952
99.800003 205952
99.900002 205952
100.000000 205952
100.099998 205952
100.199997 205952
100.300003 205952
100.400002 205952
100.500000 205952
100.599998 205952
100.699997 205952
100.800003 205952
100.900002 205952
101.000000 205952
101.099998 205952
101.199997 205952
101.300003 205952
101.400002 205952
101.500000 205952
101.599998 205952
101.699997 205952
101.800003 205952
101.900002 205952
102.000000 205952
102.099998 205952
102.199997 205952
102.300003 205952
102.400002 205920
102.500000 205912
102.599998 205912
102.699997 205912
102.800003 205912
102.900002 205912
103.000000 205912
103.099998 205912
103.199997 205912
103.300003 205912
103.400002 205912
103.500000 205912
103.599998 205912
103.699997 205912
103.800003 205912
103.900002 205912
104.000000 205912
104.099998 205912
104.199997 205912
104.300003 205912
104.400002 205912
104.500000 205944
104.599998 205944
104.699997 205944
104.800003 205944
104.900002 205944
105.000000 205944
105.099998 205944
105.199997 205944
105.300003 205944
105.400002 205944
105.500000 205944
105.599998 205944
105.699997 205944
105.800003 205944
105.900002 205944
106.000000 205944
106.099998 205944
106.199997 205944
106.300003 205944
106.400002 205944
106.500000 205912
106.599998 205912
106.699997 205912
106.800003 205912
106.900002 205912
107.000000 205912
107.099998 205912
107.199997 205912
107.300003 205912
107.400002 205944
107.500000 205944
107.599998 205944
107.699997 205944
107.800003 205944
107.900002 205944
108.000000 205944
108.099998 205944
108.199997 205944
108.300003 205944
108.400002 205912
108.500000 205912
108.599998 205912
108.699997 205912
108.800003 205912
108.900002 205912
109.000000 205912
109.099998 205912
109.199997 205912
109.300003 205912
109.400002 205912
109.500000 205912
109.599998 205912
109.699997 205912
109.800003 205912
109.900002 205912
110.000000 205912
110.099998 205912
110.199997 205912
110.300003 205912
110.400002 205912
110.500000 205944
110.599998 205944
110.699997 205944
110.800003 205944
110.900002 205944
111.000000 205944
111.099998 205944
111.199997 205944
111.300003 205944
111.400002 205944
111.500000 205944
111.599998 205944
111.699997 205944
111.800003 205944
111.900002 205944
112.000000 205944
112.099998 205944
112.199997 205944
112.300003 205944
112.400002 205912
112.500000 205912
112.599998 205912
112.699997 205912
112.800003 205912
112.900002 205912
113.000000 205912
113.099998 205912
113.199997 205912
113.300003 205912
113.400002 205912
113.500000 205912
113.599998 205976
113.699997 205976
113.800003 205976
113.900002 205976
114.000000 205976
114.099998 205976
114.199997 205976
114.300003 205976
114.400002 205944
114.500000 205944
114.599998 205944
114.699997 205944
114.800003 205944
114.900002 205944
115.000000 205944
115.099998 205944
115.199997 205944
115.300003 205944
115.400002 205944
115.500000 205944
115.599998 205944
115.699997 205944
115.800003 205944
115.900002 205944
116.000000 205944
116.099998 205944
116.199997 205944
116.300003 205944
116.400002 205912
116.500000 205912
116.599998 205912
116.699997 205912
116.800003 205912
116.900002 205944
117.000000 205944
117.099998 205944
117.199997 205944
117.300003 205944
117.400002 205944
117.500000 205944
117.599998 205944
117.699997 205944
117.800003 205944
117.900002 205944
118.000000 205944
118.099998 205944
118.199997 205944
118.300003 205944
118.400002 204904
118.500000 204904
118.599998 204904
118.699997 204904
118.800003 204904
118.900002 204904
119.000000 204904
119.099998 204904
119.199997 204904
119.300003 204904
119.400002 204904
119.500000 204904
119.599998 204904
119.699997 204904
119.800003 204904
119.900002 204904
120.000000 204904
