0.000000 204904
0.100000 204904
0.200000 204904
0.300000 204904
0.400000 203944
0.500000 203944
0.600000 203944
0.700000 203944
0.800000 203944
0.900000 203944
1.000000 203944
1.100000 203944
1.200000 203944
1.300000 203944
1.400000 203944
1.500000 203944
1.600000 203912
1.700000 203912
1.800000 203912
1.900000 203912
2.000000 203912
2.100000 203912
2.200000 203912
2.300000 203912
2.400000 203912
2.500000 203912
2.600000 203912
2.700000 203912
2.800000 203912
2.900000 203912
3.000000 203912
3.100000 203912
3.200000 203912
3.300000 203912
3.400000 203944
3.500000 203944
3.600000 203912
3.700000 203912
3.800000 203912
3.900000 203912
4.000000 203912
4.100000 203912
4.200000 203912
4.300000 203912
4.400000 203912
4.500000 203912
4.600000 203912
4.700000 203912
4.800000 203912
4.900000 203912
5.000000 203912
5.100000 203912
5.200000 203912
5.300000 203912
5.400000 203912
5.500000 203912
5.600000 203912
5.700000 203912
5.800000 203912
5.900000 203912
6.000000 203912
6.100000 203912
6.200000 203912
6.300000 203912
6.400000 203912
6.500000 203936
6.600000 203936
6.700000 203936
6.800000 203936
6.900000 203936
7.000000 203936
7.100000 203936
7.200000 203936
7.300000 203936
7.400000 203936
7.500000 203936
7.600000 203936
7.700000 203936
7.800000 203936
7.900000 203936
8.000000 203936
8.100000 203936
8.200000 203936
8.300000 203936
8.400000 203904
8.500000 203904
8.600000 203904
8.700000 203904
8.800000 203904
8.900000 203904
9.000000 203904
9.100000 203904
9.200000 203904
9.300000 203904
9.400000 203936
9.500000 203936
9.600000 203936
9.700000 203936
9.800000 203936
9.900000 203936
10.000000 203936
10.100000 203936
10.200000 203936
10.300000 203936
10.400000 203904
10.500000 203904
10.600000 203968
10.700000 203968
10.800000 203968
10.900000 203968
11.000000 203968
11.100000 203968
11.200000 203968
11.300000 203968
11.400000 203936
11.500000 203936
11.600000 203936
11.700000 203936
11.800000 203936
11.900000 203936
12.000000 203936
12.100000 203936
12.200000 203936
12.300000 203936
12.400000 203936
12.500000 203936
12.600000 203936
12.700000 203936
12.800000 203936
12.900000 203936
13.000000 203936
13.100000 203936
13.200000 203936
13.300000 203936
13.400000 203904
13.500000 203904
13.600000 203904
13.700000 203904
13.800000 203904
13.900000 203904
14.000000 203904
14.100000 203904
14.200000 203904
14.300000 203904
14.400000 203936
14.500000 203936
14.600000 203936
14.700000 203936
14.800000 203936
14.900000 203936
15.000000 203936
15.100000 203936
15.200000 203936
15.300000 203936
15.400000 203936
15.500000 203936
15.600000 203936
15.700000 203936
15.800000 203936
15.900000 203936
16.000000 203936
16.100000 203936
16.200001 203936
16.299999 203936
16.400000 203904
16.500000 203904
16.600000 203904
16.700001 203904
16.799999 203904
16.900000 203904
17.000000 203904
17.100000 203904
17.200001 203904
17.299999 203904
17.400000 203936
17.500000 203936
17.600000 203936
17.700001 203936
17.799999 203936
17.900000 203936
18.000000 203936
18.100000 203936
18.200001 203936
18.299999 203936
18.400000 203904
18.500000 203904
18.600000 203904
18.700001 203904
18.799999 203904
18.900000 203904
19.000000 203904
19.100000 203904
19.200001 203904
19.299999 203904
19.400000 203904
19.500000 203904
19.600000 203904
19.700001 203904
19.799999 203904
19.900000 203904
20.000000 203904
20.100000 203904
20.200001 203904
20.299999 203904
20.400000 203936
20.500000 203936
20.600000 203936
20.700001 203936
20.799999 203936
20.900000 203936
21.000000 203936
21.100000 203936
21.200001 203936
21.299999 203936
21.400000 203904
21.500000 203904
21.600000 203904
21.700001 203904
21.799999 203968
21.900000 203968
22.000000 203968
22.100000 203968
22.200001 203968
22.299999 203968
22.400000 203936
22.500000 203936
22.600000 203936
22.700001 203936
22.799999 203936
22.900000 203936
23.000000 203936
23.100000 203936
23.200001 203936
23.299999 203936
23.400000 203936
23.500000 203936
23.600000 203936
23.700001 203936
23.799999 203936
23.900000 203936
24.000000 203936
24.100000 203936
24.200001 203936
24.299999 203936
24.400000 203904
24.500000 203904
24.600000 203904
24.700001 203904
24.799999 203904
24.900000 203904
25.000000 203904
25.100000 203904
25.200001 203904
25.299999 203904
25.400000 203932
25.500000 203932
25.600000 203932
25.700001 203932
25.799999 203932
25.900000 203932
26.000000 203932
26.100000 203932
26.200001 203932
26.299999 203932
26.400000 203900
26.500000 203900
26.600000 203900
26.700001 203900
26.799999 203900
26.900000 203900
27.000000 203900
27.100000 203900
27.200001 203900
27.299999 203900
27.400000 203900
27.500000 203900
27.600000 203900
27.700001 203900
27.799999 203900
27.900000 203900
28.000000 203900
28.100000 203900
28.200001 203900
28.299999 203900
28.400000 203932
28.500000 203932
28.600000 203932
28.700001 203932
28.799999 203932
28.900000 203932
29.000000 203932
29.100000 203932
29.200001 203932
29.299999 203932
29.400000 203900
29.500000 203900
29.600000 203900
29.700001 203900
29.799999 203900
29.900000 203900
30.000000 203900
30.100000 203900
30.200001 207280
30.299999 211140
30.400000 213388
30.500000 212420
30.600000 211980
30.700001 212044
30.799999 212296
30.900000 212484
31.000000 212612
31.100000 212580
31.200001 212328
31.299999 212628
31.400000 212880
31.500000 212816
31.600000 212976
31.700001 213196
31.799999 213008
31.900000 213168
32.000000 213388
32.099998 213324
32.200001 213608
32.299999 213488
32.400002 213804
32.500000 213804
32.599998 213680
32.700001 213932
32.799999 214216
32.900002 213840
33.000000 213840
33.099998 214060
33.200001 213776
33.299999 213668
33.400002 213668
33.500000 213952
33.599998 213828
33.700001 213892
33.799999 213952
33.900002 213892
34.000000 213736
34.099998 213800
34.200001 213924
34.299999 214156
34.400002 213872
34.500000 213936
34.599998 214000
34.700001 214000
34.799999 213844
34.900002 213748
35.000000 213940
35.099998 213812
35.200001 213748
35.299999 213880
35.400002 214164
35.500000 213784
35.599998 213724
35.700001 213788
35.799999 213976
35.900002 214040
36.000000 213852
36.099998 213916
36.200001 214136
36.299999 213760
36.400002 213824
36.500000 214108
36.599998 213984
36.700001 213920
36.799999 214048
36.900002 213892
37.000000 213828
37.099998 213828
37.200001 213828
37.299999 214112
37.400002 214016
37.500000 213892
37.599998 213892
37.700001 213924
37.799999 213924
37.900002 214176
38.000000 214052
38.099998 214052
38.200001 214052
38.299999 213920
38.400002 214172
38.500000 213924
38.599998 213796
38.700001 213860
38.799999 214236
38.900002 213956
39.000000 213892
39.099998 213956
39.200001 214020
39.299999 214104
39.400002 213884
39.500000 214168
39.599998 213980
39.700001 213916
39.799999 214200
39.900002 213980
40.000000 213920
40.099998 213952
40.200001 213888
40.299999 214088
40.400002 214440
40.500000 213872
40.599998 213940
40.700001 214224
40.799999 214224
40.900002 214256
41.000000 214068
41.099998 214100
41.200001 214100
41.299999 214040
41.400002 214292
41.500000 213884
41.599998 213884
41.700001 213884
41.799999 214232
41.900002 214044
42.000000 213728
42.099998 214012
42.200001 213920
42.299999 213880
42.400002 213944
42.500000 214136
42.599998 214008
42.700001 213788
42.799999 214008
42.900002 213884
43.000000 213884
43.099998 214076
43.200001 214232
43.299999 214164
43.400002 213880
43.500000 213756
43.599998 214072
43.700001 214196
43.799999 213976
43.900002 213852
44.000000 214104
44.099998 214168
44.200001 214108
44.299999 213856
44.400002 214076
44.500000 214016
44.599998 214016
44.700001 214204
44.799999 214140
44.900002 213764
45.000000 213828
45.099998 214048
45.200001 213956
45.299999 214240
45.400002 214052
45.500000 214180
45.599998 214180
45.700001 213928
45.799999 213864
45.900002 213960
46.000000 213960
46.099998 214024
46.200001 213992
46.299999 214244
46.400002 214140
46.500000 214460
46.599998 214464
46.700001 214088
46.799999 213992
46.900002 214056
47.000000 213932
47.099998 213932
47.200001 213896
47.299999 213896
47.400002 213832
47.500000 213992
47.599998 214056
47.700001 214056
47.799999 214212
47.900002 213900
48.000000 213836
48.099998 213900
48.200001 214112
48.299999 213764
48.400002 213828
48.500000 213704
48.599998 213956
48.700001 213956
48.799999 213956
48.900002 213768
49.000000 214084
49.099998 213832
49.200001 213792
49.299999 213948
49.400002 213948
49.500000 213888
49.599998 213824
49.700001 214140
49.799999 214016
49.900002 213764
50.000000 213984
50.099998 213984
50.200001 214204
50.299999 213980
50.400002 214076
50.500000 214360
50.599998 214176
50.700001 214048
50.799999 214068
50.900002 214336
51.000000 214272
51.099998 214272
51.200001 214224
51.299999 214320
51.400002 214192
51.500000 214132
51.599998 214320
51.700001 214416
51.799999 214100
51.900002 214228
52.000000 214228
52.099998 214228
52.200001 214188
52.299999 214156
52.400002 213968
52.500000 214032
52.599998 213968
52.700001 214284
52.799999 214160
52.900002 213844
53.000000 213876
53.099998 214192
53.200001 214100
53.299999 214036
53.400002 214260
53.500000 214196
53.599998 214196
53.700001 213944
53.799999 214072
53.900002 214200
54.000000 214072
54.099998 214072
54.200001 214496
54.299999 214180
54.400002 214244
54.500000 213900
54.599998 214088
54.700001 214152
54.799999 213960
54.900002 213964
55.000000 214216
55.099998 214248
55.200001 214128
55.299999 214128
55.400002 214068
55.500000 214068
55.599998 214004
55.700001 214288
55.799999 214164
55.900002 213976
56.000000 213976
56.099998 214164
56.200001 214092
56.299999 214092
56.400002 213904
56.500000 214252
56.599998 214812
56.700001 213772
56.799999 214092
56.900002 214096
57.000000 214096
57.099998 214112
57.200001 214332
57.299999 214332
57.400002 214144
57.500000 214144
57.599998 214176
57.700001 214240
57.799999 213988
57.900002 213864
58.000000 214084
58.099998 214052
58.200001 214188
58.299999 214220
58.400002 214160
58.500000 214224
58.599998 214160
58.700001 214096
58.799999 213972
58.900002 214036
59.000000 214004
59.099998 214188
59.200001 214376
59.299999 214060
59.400002 214096
59.500000 214000
59.599998 214096
59.700001 214096
59.799999 214288
59.900002 211280
60.000000 208244
60.099998 208244
60.200001 208244
60.299999 208244
60.400002 208244
60.500000 208244
60.599998 208244
60.700001 208244
60.799999 208244
60.900002 208244
61.000000 208244
61.099998 208212
61.200001 208212
61.299999 208212
61.400002 208212
61.500000 208212
61.599998 208212
61.700001 208212
61.799999 208212
61.900002 208212
62.000000 208212
62.099998 208244
62.200001 208244
62.299999 208244
62.400002 208244
62.500000 208244
62.599998 208244
62.700001 208244
62.799999 208244
62.900002 208244
63.000000 208244
63.099998 208244
63.200001 208244
63.299999 208244
63.400002 208244
63.500000 208244
63.599998 208244
63.700001 208244
63.799999 208244
63.900002 208212
64.000000 208212
64.099998 208212
64.199997 208212
64.300003 208212
64.400002 208212
64.500000 208212
64.599998 208180
64.699997 208180
64.800003 208180
64.900002 208180
65.000000 208180
65.099998 208180
65.199997 208180
65.300003 208244
65.400002 208244
65.500000 208244
65.599998 208244
65.699997 208244
65.800003 208244
65.900002 208244
66.000000 208244
66.099998 208236
66.199997 208236
66.300003 208236
66.400002 208236
66.500000 208236
66.599998 208204
66.699997 208204
66.800003 208204
66.900002 208204
67.000000 208204
67.099998 208204
67.199997 208204
67.300003 208204
67.400002 208204
67.500000 208204
67.599998 208204
67.699997 208204
67.800003 208204
67.900002 208204
68.000000 208204
68.099998 208204
68.199997 208204
68.300003 208204
68.400002 208204
68.500000 208268
68.599998 208268
68.699997 208268
68.800003 208268
68.900002 208268
69.000000 208268
69.099998 208236
69.199997 208236
69.300003 208236
69.400002 208236
69.500000 208236
69.599998 208236
69.699997 208236
69.800003 208236
69.900002 208236
70.000000 208236
70.099998 208236
70.199997 208236
70.300003 208236
70.400002 208236
70.500000 208236
70.599998 208236
70.699997 208236
70.800003 208236
70.900002 208236
71.000000 208236
71.099998 208204
71.199997 208204
71.300003 208204
71.400002 208204
71.500000 208204
71.599998 208204
71.699997 208236
71.800003 208236
71.900002 208236
72.000000 208236
72.099998 208236
72.199997 208236
72.300003 208236
72.400002 208236
72.500000 208236
72.599998 208236
72.699997 208236
72.800003 208236
72.900002 208236
73.000000 208236
73.099998 208200
73.199997 208200
73.300003 208200
73.400002 208200
73.500000 208200
73.599998 208200
73.699997 208200
73.800003 208200
73.900002 208200
74.000000 208200
74.099998 208200
74.199997 208200
74.300003 208200
74.400002 208200
74.500000 208200
74.599998 208200
74.699997 208200
74.800003 208200
74.900002 208200
75.000000 208200
75.099998 208232
75.199997 208232
75.300003 208232
75.400002 208232
75.500000 208232
75.599998 208232
75.699997 208232
75.800003 208232
75.900002 208232
76.000000 208232
76.099998 208232
76.199997 208224
76.300003 208224
76.400002 208224
76.500000 208224
76.599998 208224
76.699997 208224
76.800003 208224
76.900002 208224
77.000000 208224
77.099998 208224
77.199997 208224
77.300003 208224
77.400002 208224
77.500000 208224
77.599998 208224
77.699997 208224
77.800003 208224
77.900002 208224
78.000000 208224
78.099998 208192
78.199997 208192
78.300003 208192
78.400002 208192
78.500000 208192
78.599998 208192
78.699997 208192
78.800003 208192
78.900002 208192
79.000000 208192
79.099998 208224
79.199997 208224
79.300003 208224
79.400002 208224
79.500000 208224
79.599998 208224
79.699997 208224
79.800003 208224
79.900002 208224
80.000000 208224
80.099998 208192
80.199997 208192
80.300003 208192
80.400002 208192
80.500000 208192
80.599998 208192
80.699997 208192
80.800003 208192
80.900002 208192
81.000000 208192
81.099998 208192
81.199997 208192
81.300003 208192
81.400002 208192
81.500000 208192
81.599998 208192
81.699997 208192
81.800003 208192
81.900002 208192
82.000000 208192
82.099998 208224
82.199997 208224
82.300003 208224
82.400002 208224
82.500000 208224
82.599998 208224
82.699997 208224
82.800003 208224
82.900002 208224
83.000000 208224
83.099998 208192
83.199997 208192
83.300003 208256
83.400002 208256
83.500000 208256
83.599998 208256
83.699997 208256
83.800003 208256
83.900002 208256
84.000000 208256
84.099998 208224
84.199997 208224
84.300003 208224
84.400002 208224
84.500000 208224
84.599998 208224
84.699997 208224
84.800003 208224
84.900002 208224
85.000000 208224
85.099998 208224
85.199997 208224
85.300003 208224
85.400002 208224
85.500000 208224
85.599998 208224
85.699997 208224
85.800003 208224
85.900002 208224
86.000000 208224
86.099998 208184
86.199997 208184
86.300003 208184
86.400002 208184
86.500000 208184
86.599998 208184
86.699997 208184
86.800003 208184
86.900002 208184
87.000000 208184
87.099998 208184
87.199997 208184
87.300003 208184
87.400002 208184
87.500000 208184
87.599998 208184
87.699997 208184
87.800003 208184
87.900002 208184
88.000000 208184
88.099998 208216
88.199997 208216
88.300003 208216
88.400002 208216
88.500000 208216
88.599998 208216
88.699997 208216
88.800003 208216
88.900002 208216
89.000000 208216
89.099998 208216
89.199997 208216
89.300003 208216
89.400002 208216
89.500000 208216
89.599998 208216
89.699997 208216
89.800003 208216
89.900002 208216
90.000000 208216
90.099998 208184
90.199997 208184
90.300003 208184
90.400002 208184
90.500000 208184
90.599998 208184
90.699997 208184
90.800003 208184
90.900002 208184
91.000000 208216
91.099998 208216
91.199997 208216
91.300003 208216
91.400002 208216
91.500000 208216
91.599998 208216
91.699997 208216
91.800003 208216
91.900002 208216
92.000000 208216
92.099998 208184
92.199997 208184
92.300003 208184
92.400002 208184
92.500000 208184
92.599998 208184
92.699997 208184
92.800003 208184
92.900002 208184
93.000000 208184
93.099998 208184
93.199997 208184
93.300003 208184
93.400002 208184
93.500000 208184
93.599998 208184
93.699997 208184
93.800003 208184
93.900002 208184
94.000000 208184
94.099998 208216
94.199997 208216
94.300003 208216
94.400002 208216
94.500000 208216
94.599998 208216
94.699997 208216
94.800003 208216
94.900002 208216
95.000000 208216
95.099998 208216
95.199997 208216
95.300003 208216
95.400002 208216
95.500000 208216
95.599998 208216
95.699997 208216
95.800003 208216
95.900002 208216
96.000000 208216
96.099998 208184
96.199997 208184
96.300003 208184
96.400002 208184
96.500000 208184
96.599998 208184
96.699997 208184
96.800003 208184
96.900002 208184
97.000000 208184
97.099998 208180
97.199997 208212
97.300003 208212
97.400002 208212
97.500000 208212
97.599998 208180
97.699997 208180
97.800003 208180
97.900002 208180
98.000000 208180
98.099998 208180
98.199997 208180
98.300003 208180
98.400002 208180
98.500000 208180
98.599998 208180
98.699997 208180
98.800003 208180
98.900002 208180
99.000000 208180
99.099998 208180
99.199997 208180
99.300003 208180
99.400002 208180
99.500000 208180
99.599998 208148
99.699997 208148
99.800003 208148
99.900002 208148
100.000000 208148
100.099998 208148
100.199997 208148
100.300003 208148
100.400002 208212
100.500000 208212
100.599998 208212
100.699997 208212
100.800003 208212
100.900002 208212
101.000000 208212
101.099998 208212
101.199997 208212
101.300003 208212
101.400002 208212
101.500000 208212
101.599998 208212
101.699997 208180
101.800003 208180
101.900002 208180
102.000000 208180
102.099998 208180
102.199997 208180
102.300003 208180
102.400002 208180
102.500000 208180
102.599998 208180
102.699997 208180
102.800003 208180
102.900002 208180
103.000000 208180
103.099998 208172
103.199997 208172
103.300003 208172
103.400002 208172
103.500000 208236
103.599998 208236
103.699997 208204
103.800003 208204
103.900002 208204
104.000000 208204
104.099998 208204
104.199997 208204
104.300003 208204
104.400002 208204
104.500000 208204
104.599998 208204
104.699997 208204
104.800003 208204
104.900002 208204
105.000000 208204
105.099998 208204
105.199997 208204
105.300003 208204
105.400002 208204
105.500000 208204
105.599998 208172
105.699997 208172
105.800003 208172
105.900002 208172
106.000000 208172
106.099998 208172
106.199997 208172
106.300003 208172
106.400002 208172
106.500000 208172
106.599998 208172
106.699997 208172
106.800003 208172
106.900002 208172
107.000000 208172
107.099998 208204
107.199997 208204
107.300003 208204
107.400002 208204
107.500000 208172
107.599998 208172
107.699997 208172
107.800003 208172
107.900002 208172
108.000000 208172
108.099998 208172
108.199997 208172
108.300003 208172
108.400002 208172
108.500000 208172
108.599998 208172
108.699997 208172
108.800003 208172
108.900002 208172
109.000000 208172
109.099998 208172
109.199997 208172
109.300003 208172
109.400002 208172
109.500000 208140
109.599998 208140
109.699997 208204
109.800003 208204
109.900002 208204
110.000000 208204
110.099998 208204
110.199997 208204
110.300003 208204
110.400002 208204
110.500000 208204
110.599998 208204
110.699997 208204
110.800003 208204
110.900002 208204
111.000000 208204
111.099998 208204
111.199997 208204
111.300003 208204
111.400002 208204
111.500000 208172
111.599998 208172
111.699997 208172
111.800003 208172
111.900002 208172
112.000000 208172
112.099998 208172
112.199997 208172
112.300003 208172
112.400002 208172
112.500000 208172
112.599998 208172
112.699997 208172
112.800003 208172
112.900002 208172
113.000000 208172
113.099998 208172
113.199997 208172
113.300003 208172
113.400002 208172
113.500000 208172
113.599998 208172
113.699997 208172
113.800003 208172
113.900002 208172
114.000000 208172
114.099998 208172
114.199997 208172
114.300003 208172
114.400002 208172
114.500000 208172
114.599998 208172
114.699997 208172
114.800003 208172
114.900002 208172
115.000000 208172
115.099998 208172
115.199997 208172
115.300003 208172
115.400002 208172
115.500000 208172
115.599998 208172
115.699997 208172
115.800003 208172
115.900002 208172
116.000000 208172
116.099998 208172
116.199997 208172
116.300003 208172
116.400002 208172
116.500000 208172
116.599998 208172
116.699997 208172
116.800003 208172
116.900002 208172
117.000000 208172
117.099998 208204
117.199997 208204
117.300003 208204
117.400002 208204
117.500000 208204
117.599998 208204
117.699997 208204
117.800003 208204
117.900002 208204
118.000000 208204
118.099998 208172
118.199997 208172
118.300003 208172
118.400002 208172
118.500000 208172
118.599998 208172
118.699997 208236
118.800003 208236
118.900002 207984
119.000000 207952
119.099998 207952
119.199997 207952
119.300003 207952
119.400002 207952
119.500000 207952
119.599998 207952
119.699997 207952
119.800003 207952
119.900002 207952
120.000000 207952
