0.000000 207952
0.100000 207968
0.200000 207968
0.300000 207968
0.400000 207968
0.500000 207968
0.600000 207968
0.700000 207968
0.800000 207968
0.900000 206960
1.000000 206928
1.100000 206928
1.200000 206928
1.300000 206928
1.400000 206928
1.500000 206928
1.600000 206928
1.700000 206928
1.800000 206928
1.900000 206928
2.000000 206960
2.100000 206960
2.200000 206960
2.300000 206960
2.400000 206960
2.500000 206960
2.600000 206960
2.700000 206960
2.800000 206960
2.900000 206960
3.000000 206928
3.100000 206928
3.200000 206928
3.300000 206928
3.400000 206928
3.500000 206928
3.600000 206928
3.700000 206928
3.800000 206928
3.900000 206928
4.000000 206928
4.100000 206928
4.200000 206928
4.300000 206928
4.400000 206928
4.500000 206928
4.600000 206928
4.700000 206928
4.800000 206928
4.900000 206928
5.000000 206960
5.100000 206960
5.200000 206960
5.300000 206960
5.400000 206960
5.500000 206960
5.600000 206960
5.700000 206960
5.800000 206960
5.900000 206960
6.000000 206928
6.100000 206920
6.200000 206920
6.300000 206920
6.400000 206920
6.500000 206920
6.600000 206920
6.700000 206920
6.800000 206920
6.900000 206920
7.000000 206920
7.100000 206920
7.200000 206920
7.300000 206920
7.400000 206920
7.500000 206920
7.600000 206920
7.700000 206920
7.800000 206920
7.900000 206920
8.000000 206888
8.100000 206952
8.200000 206952
8.300000 206952
8.400000 206952
8.500000 206952
8.600000 206952
8.700000 206952
8.800000 206952
8.900000 206952
9.000000 206920
9.100000 206920
9.200000 206920
9.300000 206920
9.400000 206920
9.500000 206920
9.600000 206920
9.700000 206984
9.800000 206984
9.900000 206984
10.000000 206952
10.100000 206952
10.200000 206952
10.300000 206952
10.400000 206952
10.500000 206952
10.600000 206952
10.700000 206952
10.800000 206952
10.900000 206952
11.000000 206920
11.100000 206920
11.200000 206920
11.300000 206920
11.400000 206920
11.500000 206920
11.600000 206920
11.700000 206920
11.800000 206920
11.900000 206920
12.000000 206920
12.100000 206920
12.200000 206920
12.300000 206920
12.400000 206920
12.500000 206920
12.600000 206920
12.700000 206920
12.800000 206920
12.900000 206920
13.000000 206952
13.100000 206952
13.200000 206952
13.300000 206952
13.400000 206952
13.500000 206952
13.600000 206952
13.700000 206952
13.800000 206952
13.900000 206952
14.000000 206920
14.100000 206920
14.200000 206920
14.300000 206920
14.400000 206920
14.500000 206920
14.600000 206920
14.700000 206920
14.800000 206920
14.900000 206920
15.000000 206920
15.100000 206920
15.200000 206920
15.300000 206920
15.400000 206920
15.500000 206920
15.600000 206920
15.700000 206920
15.800000 206920
15.900000 206920
16.000000 206888
16.100000 206888
16.200001 206952
16.299999 206952
16.400000 206952
16.500000 206952
16.600000 206952
16.700001 206952
16.799999 206952
16.900000 206952
17.000000 206920
17.100000 206920
17.200001 206920
17.299999 206920
17.400000 206920
17.500000 206920
17.600000 206920
17.700001 206920
17.799999 206920
17.900000 206920
18.000000 206920
18.100000 206920
18.200001 206920
18.299999 206920
18.400000 206920
18.500000 206920
18.600000 206920
18.700001 206920
18.799999 206920
18.900000 206920
19.000000 206888
19.100000 206888
19.200001 206888
19.299999 206888
19.400000 206952
19.500000 206952
19.600000 206952
19.700001 206952
19.799999 206952
19.900000 206952
20.000000 206920
20.100000 206920
20.200001 206920
20.299999 206920
20.400000 206920
20.500000 206920
20.600000 206920
20.700001 206920
20.799999 206920
20.900000 206920
21.000000 206952
21.100000 206952
21.200001 206952
21.299999 206952
21.400000 206952
21.500000 206952
21.600000 206952
21.700001 206952
21.799999 206952
21.900000 206952
22.000000 206952
22.100000 206920
22.200001 206920
22.299999 206920
22.400000 206920
22.500000 206920
22.600000 206920
22.700001 206920
22.799999 206920
22.900000 206920
23.000000 206952
23.100000 206952
23.200001 206952
23.299999 206952
23.400000 206952
23.500000 206952
23.600000 206952
23.700001 206952
23.799999 206952
23.900000 206952
24.000000 206920
24.100000 206920
24.200001 206920
24.299999 206920
24.400000 206920
24.500000 206920
24.600000 206920
24.700001 207204
24.799999 207204
24.900000 207204
25.000000 207200
25.100000 207200
25.200001 207200
25.299999 207200
25.400000 207200
25.500000 207200
25.600000 207200
25.700001 207200
25.799999 207200
25.900000 207200
26.000000 207200
26.100000 207200
26.200001 207200
26.299999 207200
26.400000 207200
26.500000 207200
26.600000 207200
26.700001 207200
26.799999 207200
26.900000 207200
27.000000 207168
27.100000 207168
27.200001 207168
27.299999 207168
27.400000 207168
27.500000 207168
27.600000 207168
27.700001 207168
27.799999 207168
27.900000 207168
28.000000 207200
28.100000 207200
28.200001 207200
28.299999 207200
28.400000 207200
28.500000 207200
28.600000 207200
28.700001 207200
28.799999 207200
28.900000 207200
29.000000 207200
29.100000 207200
29.200001 207200
29.299999 207200
29.400000 207200
29.500000 207200
29.600000 207200
29.700001 207200
29.799999 207200
29.900000 207200
30.000000 207168
30.100000 207160
30.200001 207160
30.299999 207160
30.400000 207160
30.500000 209264
30.600000 212712
30.700001 213572
30.799999 212492
30.900000 212844
31.000000 212676
31.100000 212960
31.200001 212648
31.299999 212616
31.400000 212900
31.500000 212836
31.600000 213216
31.700001 212932
31.799999 212900
31.900000 213216
32.000000 213152
32.099998 213404
32.200001 213344
32.299999 213596
32.400002 213784
32.500000 213784
32.599998 213628
32.700001 213692
32.799999 214268
32.900002 213952
33.000000 214116
33.099998 214116
33.200001 214056
33.299999 214244
33.400002 214328
33.500000 214344
33.599998 214348
33.700001 214568
33.799999 214128
33.900002 214064
34.000000 214044
34.099998 214108
34.200001 214016
34.299999 213952
34.400002 214172
34.500000 214108
34.599998 214048
34.700001 214048
34.799999 214048
34.900002 214080
35.000000 214180
35.099998 214496
35.200001 214056
35.299999 214184
35.400002 213804
35.500000 214024
35.599998 213964
35.700001 213964
35.799999 213964
35.900002 214248
36.000000 214196
36.099998 214228
36.200001 214040
36.299999 213976
36.400002 214040
36.500000 214040
36.599998 214104
36.700001 214168
36.799999 214168
36.900002 213852
37.000000 214072
37.099998 214040
37.200001 213916
37.299999 214200
37.400002 214200
37.500000 214264
37.599998 214076
37.700001 214108
37.799999 214108
37.900002 214076
38.000000 214528
38.099998 214340
38.200001 213836
38.299999 213964
38.400002 214056
38.500000 214152
38.599998 214028
38.700001 214044
38.799999 214296
38.900002 213980
39.000000 213936
39.099998 214188
39.200001 214064
39.299999 214128
39.400002 214128
39.500000 214380
39.599998 213972
39.700001 214036
39.799999 214192
39.900002 214332
40.000000 214144
40.099998 213888
40.200001 214048
40.299999 214240
40.400002 214240
40.500000 214460
40.599998 214212
40.700001 214084
40.799999 214148
40.900002 214216
41.000000 214092
41.099998 213964
41.200001 214188
41.299999 214220
41.400002 214220
41.500000 214316
41.599998 214316
41.700001 214600
41.799999 214096
41.900002 214172
42.000000 214140
42.099998 214204
42.200001 214648
42.299999 214396
42.400002 214428
42.500000 214216
42.599998 214184
42.700001 214248
42.799999 214184
42.900002 214440
43.000000 214376
43.099998 214312
43.200001 214064
43.299999 214124
43.400002 214252
43.500000 214252
43.599998 214284
43.700001 214228
43.799999 214164
43.900002 214288
44.000000 214352
44.099998 214288
44.200001 214228
44.299999 214164
44.400002 214384
44.500000 214448
44.599998 214104
44.700001 214104
44.799999 214356
44.900002 214264
45.000000 214264
45.099998 214424
45.200001 214108
45.299999 214108
45.400002 214172
45.500000 214300
45.599998 214300
45.700001 214300
45.799999 214552
45.900002 214420
46.000000 214072
46.099998 214512
46.200001 214420
46.299999 214232
46.400002 214360
46.500000 214328
46.599998 214456
46.700001 214140
46.799999 214204
46.900002 214536
47.000000 214348
47.099998 214224
47.200001 214224
47.299999 214508
47.400002 214224
47.500000 213972
47.599998 214636
47.700001 214464
47.799999 214400
47.900002 214256
48.000000 214540
48.099998 214228
48.200001 214196
48.299999 214668
48.400002 214636
48.500000 214452
48.599998 214324
48.700001 214512
48.799999 214608
48.900002 214276
49.000000 214084
49.099998 214404
49.200001 214340
49.299999 214592
49.400002 214212
49.500000 214436
49.599998 214280
49.700001 214216
49.799999 214468
49.900002 214360
50.000000 214360
50.099998 214300
50.200001 214520
50.299999 214268
50.400002 214396
50.500000 214048
50.599998 214196
50.700001 214548
50.799999 214836
50.900002 214280
51.000000 214500
51.099998 214440
51.200001 214376
51.299999 214188
51.400002 214504
51.500000 214316
51.599998 214064
51.700001 214284
51.799999 214340
51.900002 214340
52.000000 214212
52.099998 214340
52.200001 214592
52.299999 214308
52.400002 214120
52.500000 214312
52.599998 214312
52.700001 214532
52.799999 214448
52.900002 214384
53.000000 214164
53.099998 214324
53.200001 214324
53.299999 214324
53.400002 214264
53.500000 214420
53.599998 214736
53.700001 214168
53.799999 214320
53.900002 214384
54.000000 214256
54.099998 214416
54.200001 214480
54.299999 214480
54.400002 214196
54.500000 214356
54.599998 214260
54.700001 214300
54.799999 214316
54.900002 214568
55.000000 214504
55.099998 214288
55.200001 214160
55.299999 214476
55.400002 214156
55.500000 214128
55.599998 214192
55.700001 214540
55.799999 214416
55.900002 214228
56.000000 214292
56.099998 214324
56.200001 214324
56.299999 214324
56.400002 214640
56.500000 214452
56.599998 214264
56.700001 214264
56.799999 214444
56.900002 214508
57.000000 214632
57.099998 214256
57.200001 214540
57.299999 214572
57.400002 214196
57.500000 214636
57.599998 214416
57.700001 214480
57.799999 214260
57.900002 214608
58.000000 214608
58.099998 214232
58.200001 214452
58.299999 214452
58.400002 214736
58.500000 214392
58.599998 214736
58.700001 214324
58.799999 214588
58.900002 214524
59.000000 214744
59.099998 214368
59.200001 213856
59.299999 209528
59.400002 208304
59.500000 208304
59.599998 208304
59.700001 208304
59.799999 208272
59.900002 208272
60.000000 208272
60.099998 208272
60.200001 208272
60.299999 208272
60.400002 208272
60.500000 208272
60.599998 208272
60.700001 208272
60.799999 208232
60.900002 208232
61.000000 208296
61.099998 208296
61.200001 208296
61.299999 208296
61.400002 208296
61.500000 208296
61.599998 208296
61.700001 208296
61.799999 208296
61.900002 208296
62.000000 208296
62.099998 208296
62.200001 208296
62.299999 208296
62.400002 208296
62.500000 208296
62.599998 208296
62.700001 208296
62.799999 208264
62.900002 208264
63.000000 208264
63.099998 208264
63.200001 208264
63.299999 208264
63.400002 208264
63.500000 208264
63.599998 208264
63.700001 208264
63.799999 208264
63.900002 208328
64.000000 208328
64.099998 208328
64.199997 208328
64.300003 208328
64.400002 208328
64.500000 208328
64.599998 208328
64.699997 208328
64.800003 208296
64.900002 208296
65.000000 208296
65.099998 208296
65.199997 208296
65.300003 208296
65.400002 208296
65.500000 208296
65.599998 208296
65.699997 208296
65.800003 208296
65.900002 208296
66.000000 208296
66.099998 208296
66.199997 208296
66.300003 208296
66.400002 208296
66.500000 208296
66.599998 208296
66.699997 208296
66.800003 208264
66.900002 208264
67.000000 208296
67.099998 208296
67.199997 208296
67.300003 208296
67.400002 208296
67.500000 208296
67.599998 208296
67.699997 208296
67.800003 208288
67.900002 208288
68.000000 208288
68.099998 208288
68.199997 208288
68.300003 208288
68.400002 208288
68.500000 208288
68.599998 208288
68.699997 208288
68.800003 208256
68.900002 208256
69.000000 208256
69.099998 208256
69.199997 208256
69.300003 208256
69.400002 208256
69.500000 208256
69.599998 208256
69.699997 208256
69.800003 208256
69.900002 208256
70.000000 208256
70.099998 208256
70.199997 208256
70.300003 208256
70.400002 208256
70.500000 208256
70.599998 208256
70.699997 208256
70.800003 208288
70.900002 208288
71.000000 208288
71.099998 208288
71.199997 208288
71.300003 208288
71.400002 208288
71.500000 208288
71.599998 208288
71.699997 208288
71.800003 208288
71.900002 208288
72.000000 208288
72.099998 208288
72.199997 208288
72.300003 208288
72.400002 208288
72.500000 208288
72.599998 208288
72.699997 208288
72.800003 208256
72.900002 208256
73.000000 208256
73.099998 208256
73.199997 208256
73.300003 208288
73.400002 208288
73.500000 208288
73.599998 208288
73.699997 208288
73.800003 208284
73.900002 208284
74.000000 208284
74.099998 208284
74.199997 208284
74.300003 208284
74.400002 208284
74.500000 208284
74.599998 208284
74.699997 208284
74.800003 208252
74.900002 208252
75.000000 208252
75.099998 208252
75.199997 208252
75.300003 208252
75.400002 208252
75.500000 208252
75.599998 208252
75.699997 208252
75.800003 208252
75.900002 208252
76.000000 208252
76.099998 208252
76.199997 208252
76.300003 208252
76.400002 208252
76.500000 208252
76.599998 208252
76.699997 208252
76.800003 208284
76.900002 208284
77.000000 208284
77.099998 208284
77.199997 208284
77.300003 208284
77.400002 208284
77.500000 208284
77.599998 208284
77.699997 208284
77.800003 208284
77.900002 208284
78.000000 208284
78.099998 208284
78.199997 208284
78.300003 208284
78.400002 208284
78.500000 208284
78.599998 208284
78.699997 208284
78.800003 208252
78.900002 208252
79.000000 208252
79.099998 208252
79.199997 208252
79.300003 208252
79.400002 208252
79.500000 208252
79.599998 208284
79.699997 208284
79.800003 208276
79.900002 208276
80.000000 208276
80.099998 208276
80.199997 208276
80.300003 208276
80.400002 208276
80.500000 208276
80.599998 208276
80.699997 208276
80.800003 208244
80.900002 208244
81.000000 208244
81.099998 208244
81.199997 208244
81.300003 208244
81.400002 208244
81.500000 208244
81.599998 208244
81.699997 208244
81.800003 208244
81.900002 208244
82.000000 208244
82.099998 208212
82.199997 208212
82.300003 208212
82.400002 208212
82.500000 208212
82.599998 208276
82.699997 208276
82.800003 208276
82.900002 208276
83.000000 208276
83.099998 208276
83.199997 208276
83.300003 208276
83.400002 208276
83.500000 208276
83.599998 208276
83.699997 208276
83.800003 208276
83.900002 208276
84.000000 208276
84.099998 208244
84.199997 208244
84.300003 208244
84.400002 208244
84.500000 208244
84.599998 208244
84.699997 208244
84.800003 208244
84.900002 208244
85.000000 208244
85.099998 208244
85.199997 208244
85.300003 208244
85.400002 208244
85.500000 208244
85.599998 208244
85.699997 208244
85.800003 208308
85.900002 208308
86.000000 208308
86.099998 208276
86.199997 208276
86.300003 208276
86.400002 208276
86.500000 208276
86.599998 208276
86.699997 208276
86.800003 208276
86.900002 208276
87.000000 208276
87.099998 208276
87.199997 208276
87.300003 208276
87.400002 208276
87.500000 208276
87.599998 208276
87.699997 208276
87.800003 208276
87.900002 208276
88.000000 208276
88.099998 208244
88.199997 208244
88.300003 208244
88.400002 208244
88.500000 208244
88.599998 208244
88.699997 208244
88.800003 208236
88.900002 208236
89.000000 208236
89.099998 208236
89.199997 208236
89.300003 208236
89.400002 208236
89.500000 208236
89.599998 208236
89.699997 208236
89.800003 208268
89.900002 208268
90.000000 208268
90.099998 208236
90.199997 208236
90.300003 208236
90.400002 208236
90.500000 208236
90.599998 208236
90.699997 208236
90.800003 208236
90.900002 208236
91.000000 208236
91.099998 208236
91.199997 208236
91.300003 208236
91.400002 208236
91.500000 208236
91.599998 208236
91.699997 208236
91.800003 208236
91.900002 208236
92.000000 208236
92.099998 208268
92.199997 208268
92.300003 208268
92.400002 208268
92.500000 208268
92.599998 208268
92.699997 208268
92.800003 208268
92.900002 208268
93.000000 208268
93.099998 208268
93.199997 208268
93.300003 208268
93.400002 208268
93.500000 208268
93.599998 208268
93.699997 208268
93.800003 208268
93.900002 208268
94.000000 208268
94.099998 208236
94.199997 208236
94.300003 208236
94.400002 208236
94.500000 208236
94.599998 208236
94.699997 208236
94.800003 208236
94.900002 208236
95.000000 208236
95.099998 208236
95.199997 208236
95.300003 208236
95.400002 208236
95.500000 208236
95.599998 208236
95.699997 208236
95.800003 208268
95.900002 208268
96.000000 208268
96.099998 208236
96.199997 208236
96.300003 208236
96.400002 208236
96.500000 208236
96.599998 208236
96.699997 208236
96.800003 208236
96.900002 208236
97.000000 208236
97.099998 208236
97.199997 208236
97.300003 208236
97.400002 208236
97.500000 208236
97.599998 208236
97.699997 208236
97.800003 208232
97.900002 208232
98.000000 208232
98.099998 208200
98.199997 208200
98.300003 208200
98.400002 208264
98.500000 208264
98.599998 208264
98.699997 208264
98.800003 208264
98.900002 208264
99.000000 208264
99.099998 208264
99.199997 208264
99.300003 208264
99.400002 208264
99.500000 208264
99.599998 208264
99.699997 208264
99.800003 208264
99.900002 208264
100.000000 208264
100.099998 208232
100.199997 208232
100.300003 208232
100.400002 208232
100.500000 208232
100.599998 208232
100.699997 208232
100.800003 208232
100.900002 208232
101.000000 208232
101.099998 208232
101.199997 208232
101.300003 208232
101.400002 208232
101.500000 208232
101.599998 208232
101.699997 208232
101.800003 208264
101.900002 208264
102.000000 208264
102.099998 208232
102.199997 208232
102.300003 208232
102.400002 208232
102.500000 208232
102.599998 208232
102.699997 208232
102.800003 208232
102.900002 208232
103.000000 208232
103.099998 208232
103.199997 208232
103.300003 208232
103.400002 208232
103.500000 208232
103.599998 208232
103.699997 208232
103.800003 208224
103.900002 208224
104.000000 208192
104.099998 208192
104.199997 208192
104.300003 208192
104.400002 208192
104.500000 208256
104.599998 208256
104.699997 208256
104.800003 208256
104.900002 208256
105.000000 208256
105.099998 208256
105.199997 208256
105.300003 208256
105.400002 208256
105.500000 208256
105.599998 208256
105.699997 208256
105.800003 208256
105.900002 208256
106.000000 208224
106.099998 208224
106.199997 208224
106.300003 208224
106.400002 208224
106.500000 208224
106.599998 208224
106.699997 208224
106.800003 208224
106.900002 208224
107.000000 208224
107.099998 208224
107.199997 208224
107.300003 208224
107.400002 208224
107.500000 208224
107.599998 208224
107.699997 208288
107.800003 208288
107.900002 208288
108.000000 208256
108.099998 208256
108.199997 208256
108.300003 208256
108.400002 208256
108.500000 208256
108.599998 208256
108.699997 208256
108.800003 208256
108.900002 208256
109.000000 208256
109.099998 208256
109.199997 208256
109.300003 208256
109.400002 208256
109.500000 208256
109.599998 208256
109.699997 208256
109.800003 208256
109.900002 208256
110.000000 208224
110.099998 208224
110.199997 208224
110.300003 208224
110.400002 208224
110.500000 208224
110.599998 208224
110.699997 208224
110.800003 208256
110.900002 208256
111.000000 208256
111.099998 208256
111.199997 208256
111.300003 208256
111.400002 208256
111.500000 208256
111.599998 208256
111.699997 208256
111.800003 208256
111.900002 208256
112.000000 208224
112.099998 208224
112.199997 208224
112.300003 208224
112.400002 208224
112.500000 208224
112.599998 208224
112.699997 208224
112.800003 208224
112.900002 208224
113.000000 208224
113.099998 208224
113.199997 208224
113.300003 208224
113.400002 208224
113.500000 208224
113.599998 208224
113.699997 208224
113.800003 208224
113.900002 208224
114.000000 208256
114.099998 208256
114.199997 208256
114.300003 208256
114.400002 208256
114.500000 208256
114.599998 208256
114.699997 208256
114.800003 208256
114.900002 208256
115.000000 208256
115.099998 208256
115.199997 208256
115.300003 208256
115.400002 208256
115.500000 208256
115.599998 208256
115.699997 208256
115.800003 208256
115.900002 208256
116.000000 208224
116.099998 208224
116.199997 208224
116.300003 208224
116.400002 208224
116.500000 208224
116.599998 208224
116.699997 208224
116.800003 208224
116.900002 208224
117.000000 208224
117.099998 208224
117.199997 208224
117.300003 208224
117.400002 208224
117.500000 208224
117.599998 208224
117.699997 208224
117.800003 208256
117.900002 208256
118.000000 208224
118.099998 208224
118.199997 208224
118.300003 208224
118.400002 208224
118.500000 208224
118.599998 208224
118.699997 208224
118.800003 208224
118.900002 208224
119.000000 208224
119.099998 208224
119.199997 208224
119.300003 208224
119.400002 207468
119.500000 207468
119.599998 207468
119.699997 207468
119.800003 207468
119.900002 207468
120.000000 207436
