0.000000 5867780 1181008 213756
0.100000 5867780 1181008 213756
0.200000 5867780 1181008 213756
0.300000 5867780 1181008 213756
0.400000 5867780 1181008 213756
0.500000 5867780 1181008 213756
0.600000 5867780 1181008 213756
0.700000 5867780 1181008 213756
0.800000 5867624 1181008 213756
0.900000 5867624 1181008 213756
1.000000 5867972 1181008 213756
1.100000 5867972 1181008 213756
1.200000 5867972 1181008 213756
1.300000 5868324 1181008 213756
1.400000 5867972 1181008 213756
1.500000 5867972 1181008 213756
1.600000 5867972 1181008 213756
1.700000 5867972 1181008 213756
1.800000 5867972 1181008 213756
1.900000 5867972 1181008 213756
2.000000 5867900 1181008 213756
2.100000 5867900 1181008 213756
2.200000 5867900 1181008 213756
2.300000 5867900 1181008 213756
2.400000 5867900 1181008 213756
2.500000 5867900 1181008 213756
2.600000 5867900 1181008 213756
2.700000 5867900 1181008 213756
2.800000 5867900 1181008 213756
2.900000 5867900 1181008 213756
3.000000 5867900 1181008 213756
3.100000 5867880 1181008 213756
3.200000 5867880 1181008 213756
3.300000 5867880 1181008 213756
3.400000 5867880 1181008 213756
3.500000 5867880 1181008 213756
3.600000 5867880 1181008 213756
3.700000 5867880 1181008 213756
3.800000 5867880 1181008 213756
3.900000 5867880 1181008 213756
4.000000 5867880 1181008 213756
4.100000 5867880 1181008 213756
4.200000 5867880 1181008 213756
4.300000 5868232 1181008 213756
4.400000 5867880 1181008 213756
4.500000 5867880 1181008 213756
4.600000 5867880 1181008 213756
4.700000 5867880 1181008 213756
4.800000 5867880 1181008 213756
4.900000 5867880 1181008 213756
5.000000 5867880 1181008 213756
5.100000 5867880 1181008 213756
5.200000 5867880 1181008 213756
5.300000 5867880 1181008 213756
5.400000 5867880 1181008 213756
5.500000 5867880 1181008 213756
5.600000 5867880 1181008 213756
5.700000 5867880 1181008 213756
5.800000 5867880 1181008 213756
5.900000 5867880 1181008 213756
6.000000 5867880 1181008 213756
6.100000 5867880 1181008 213756
6.200000 5867880 1181008 213756
6.300000 5867880 1181008 213756
6.400000 5867880 1181008 213756
6.500000 5867880 1181008 213756
6.600000 5867880 1181008 213756
6.700000 5867880 1181008 213756
6.800000 5867880 1181008 213756
6.900000 5867880 1181008 213756
7.000000 5867880 1181008 213760
7.100000 5867880 1181008 213760
7.200000 5867880 1181008 213760
7.300000 5868232 1181008 213760
7.400000 5867880 1181008 213760
7.500000 5867880 1181008 213760
7.600000 5867880 1181008 213760
7.700000 5867880 1181008 213760
7.800000 5867880 1181008 213760
7.900000 5867880 1181008 213760
8.000000 5867880 1181008 213760
8.100000 5867880 1181008 213760
8.200000 5867880 1181008 213760
8.300000 5867880 1181008 213760
8.400000 5867880 1181008 213760
8.500000 5867880 1181008 213760
8.600000 5867880 1181008 213760
8.700000 5867880 1181008 213760
8.800000 5867880 1181008 213760
8.900000 5867880 1181008 213760
9.000000 5867880 1181008 213760
9.100000 5867880 1181008 213760
9.200000 5867880 1181008 213760
9.300000 5867880 1181008 213760
9.400000 5867880 1181008 213760
9.500000 5867880 1181008 213760
9.600000 5867880 1181008 213760
9.700000 5867880 1181008 213760
9.800000 5867880 1181008 213760
9.900000 5867880 1181008 213760
10.000000 5867880 1181008 213760
10.100000 5867880 1181008 213760
10.200000 5867880 1181008 213760
10.300000 5868232 1181008 213760
10.400000 5867880 1181008 213760
10.500000 5867880 1181008 213760
10.600000 5867880 1181008 213760
10.700000 5867880 1181008 213760
10.800000 5867880 1181008 213760
10.900000 5867880 1181008 213760
11.000000 5868132 1181008 213760
11.100000 5868132 1181008 213760
11.200000 5868132 1181008 213760
11.300000 5868132 1181008 213760
11.400000 5868132 1181008 213760
11.500000 5868132 1181008 213760
11.600000 5868132 1181008 213760
11.700000 5868132 1181008 213760
11.800000 5868132 1181008 213760
11.900000 5868132 1181008 213760
12.000000 5868132 1181008 213760
12.100000 5868132 1181008 213760
12.200000 5868132 1181008 213760
12.300000 5868132 1181008 213760
12.400000 5868132 1181008 213760
12.500000 5868132 1181008 213760
12.600000 5868132 1181008 213760
12.700000 5868132 1181008 213760
12.800000 5868132 1181008 213760
12.900000 5868132 1181008 213760
13.000000 5868128 1181008 213760
13.100000 5868128 1181008 213760
13.200000 5868128 1181008 213760
13.300000 5868480 1181008 213760
13.400000 5868128 1181008 213760
13.500000 5868128 1181008 213760
13.600000 5868128 1181008 213760
13.700000 5868128 1181008 213760
13.800000 5868128 1181008 213760
13.900000 5868128 1181008 213760
14.000000 5868128 1181008 213760
14.100000 5868128 1181008 213760
14.200000 5868128 1181008 213760
14.300000 5868128 1181008 213760
14.400000 5868128 1181008 213760
14.500000 5868128 1181008 213760
14.600000 5868128 1181008 213760
14.700000 5868128 1181008 213760
14.800000 5868128 1181008 213760
14.900000 5868128 1181008 213760
15.000000 5868128 1181008 213760
15.100000 5868128 1181008 213760
15.200000 5868128 1181008 213760
15.300000 5868128 1181008 213760
15.400000 5868128 1181008 213760
15.500000 5868128 1181008 213760
15.600000 5868128 1181008 213760
15.700000 5868128 1181008 213760
15.800000 5868128 1181008 213760
15.900000 5868128 1181008 213760
16.000000 5868128 1181008 213760
16.100000 5868128 1181008 213760
16.200001 5868128 1181008 213760
16.299999 5868128 1181008 213760
16.400000 5868128 1181008 213760
16.500000 5868128 1181008 213760
16.600000 5868128 1181008 213760
16.700001 5868128 1181008 213760
16.799999 5868128 1181008 213760
16.900000 5868128 1181008 213760
17.000000 5868128 1181008 213760
17.100000 5868128 1181008 213760
17.200001 5868128 1181008 213760
17.299999 5868128 1181008 213760
17.400000 5868128 1181008 213760
17.500000 5868128 1181008 213760
17.600000 5868128 1181008 213760
17.700001 5868128 1181008 213760
17.799999 5868128 1181008 213760
17.900000 5868128 1181008 213760
18.000000 5868128 1181008 213760
18.100000 5868128 1181008 213760
18.200001 5868128 1181008 213760
18.299999 5868128 1181008 213760
18.400000 5868128 1181008 213760
18.500000 5868128 1181008 213760
18.600000 5868128 1181008 213760
18.700001 5868128 1181008 213760
18.799999 5868128 1181008 213760
18.900000 5868128 1181008 213760
19.000000 5868128 1181008 213760
19.100000 5868128 1181008 213760
19.200001 5868128 1181008 213760
19.299999 5868128 1181008 213760
19.400000 5868128 1181008 213760
19.500000 5868128 1181008 213760
19.600000 5868128 1181008 213760
19.700001 5868128 1181008 213760
19.799999 5868128 1181008 213760
19.900000 5868128 1181008 213760
20.000000 5868124 1181008 213760
20.100000 5868124 1181008 213760
20.200001 5868124 1181008 213760
20.299999 5868124 1181008 213760
20.400000 5868124 1181008 213760
20.500000 5868124 1181008 213760
20.600000 5868124 1181008 213760
20.700001 5868124 1181008 213760
20.799999 5868124 1181008 213760
20.900000 5868124 1181008 213760
21.000000 5868124 1181008 213760
21.100000 5868124 1181008 213760
21.200001 5868124 1181008 213760
21.299999 5868124 1181008 213760
21.400000 5868124 1181008 213760
21.500000 5868124 1181008 213760
21.600000 5868124 1181008 213760
21.700001 5868124 1181008 213760
21.799999 5868124 1181008 213760
21.900000 5868124 1181008 213760
22.000000 5868124 1181008 213760
22.100000 5868124 1181008 213760
22.200001 5868124 1181008 213760
22.299999 5868124 1181008 213760
22.400000 5868124 1181008 213760
22.500000 5868124 1181008 213760
22.600000 5868124 1181008 213760
22.700001 5868124 1181008 213760
22.799999 5868124 1181008 213760
22.900000 5868124 1181008 213760
23.000000 5868124 1181008 213760
23.100000 5868124 1181008 213760
23.200001 5868124 1181008 213760
23.299999 5868124 1181008 213760
23.400000 5868124 1181008 213760
23.500000 5868124 1181008 213760
23.600000 5868124 1181008 213760
23.700001 5868124 1181008 213760
23.799999 5868124 1181008 213760
23.900000 5868124 1181008 213760
24.000000 5868124 1181008 213760
24.100000 5868124 1181008 213760
24.200001 5868124 1181008 213760
24.299999 5868124 1181008 213760
24.400000 5868124 1181008 213760
24.500000 5868124 1181008 213760
24.600000 5868124 1181008 213760
24.700001 5868124 1181008 213760
24.799999 5868124 1181008 213760
24.900000 5868124 1181008 213760
25.000000 5868156 1181008 213760
25.100000 5868156 1181008 213760
25.200001 5868156 1181008 213760
25.299999 5868156 1181008 213760
25.400000 5868156 1181008 213760
25.500000 5868156 1181008 213760
25.600000 5868156 1181008 213760
25.700001 5868156 1181008 213760
25.799999 5868156 1181008 213760
25.900000 5868156 1181008 213760
26.000000 5868184 1181008 213760
26.100000 5868184 1181008 213760
26.200001 5868184 1181008 213760
26.299999 5868184 1181008 213760
26.400000 5868184 1181008 213760
26.500000 5868184 1181008 213760
26.600000 5868184 1181008 213760
26.700001 5868184 1181008 213760
26.799999 5868184 1181008 213760
26.900000 5868184 1181008 213760
27.000000 5868216 1181008 213760
27.100000 5868216 1181008 213760
27.200001 5868216 1181008 213760
27.299999 5868216 1181008 213760
27.400000 5868216 1181008 213760
27.500000 5868216 1181008 213760
27.600000 5868216 1181008 213760
27.700001 5868216 1181008 213760
27.799999 5868216 1181008 213760
27.900000 5868248 1181008 213760
28.000000 5868248 1181008 213760
28.100000 5868248 1181008 213760
28.200001 5868248 1181008 213760
28.299999 5868248 1181008 213760
28.400000 5868248 1181008 213760
28.500000 5868248 1181008 213760
28.600000 5868248 1181008 213760
28.700001 5868248 1181008 213760
28.799999 5868248 1181008 213760
28.900000 5868248 1181008 213760
29.000000 5868248 1181008 213760
29.100000 5868248 1181008 213760
29.200001 5868248 1181008 213760
29.299999 5868248 1181008 213760
29.400000 5868248 1181008 213760
29.500000 5868248 1181008 213760
29.600000 5868248 1181008 213760
29.700001 5868248 1181008 213760
29.799999 5868248 1181008 213760
29.900000 5868248 1181008 213760
30.000000 5868248 1181008 213760
30.100000 5868248 1181008 213760
30.200001 5868248 1181008 213760
30.299999 5868248 1181008 213760
30.400000 5868248 1181008 213760
30.500000 5868248 1181008 213760
30.600000 5868248 1181008 213760
30.700001 5868248 1181008 213760
30.799999 5868248 1181008 213760
30.900000 5868248 1181008 213760
31.000000 5868244 1181008 213760
31.100000 5868244 1181008 213760
31.200001 5868244 1181008 213760
31.299999 5868244 1181008 213760
31.400000 5868244 1181008 213760
31.500000 5868244 1181008 213760
31.600000 5868244 1181008 213760
31.700001 5868244 1181008 213760
31.799999 5868244 1181008 213760
31.900000 5868244 1181008 213760
32.000000 5868496 1181008 213760
32.099998 5868496 1181008 213760
32.200001 5868496 1181008 213760
32.299999 5868496 1181008 213760
32.400002 5868496 1181008 213760
32.500000 5868496 1181008 213760
32.599998 5868496 1181008 213760
32.700001 5868496 1181008 213760
32.799999 5868496 1181008 213760
32.900002 5868496 1181008 213760
33.000000 5868496 1181008 213760
33.099998 5868496 1181008 213760
33.200001 5868496 1181008 213760
33.299999 5868496 1181008 213760
33.400002 5868496 1181008 213760
33.500000 5868496 1181008 213760
33.599998 5868496 1181008 213760
33.700001 5868496 1181008 213760
33.799999 5868496 1181008 213760
33.900002 5868496 1181008 213760
34.000000 5868496 1181008 213760
34.099998 5868496 1181008 213760
34.200001 5868496 1181008 213760
34.299999 5868496 1181008 213760
34.400002 5868496 1181008 213760
34.500000 5868496 1181008 213760
34.599998 5868496 1181008 213760
34.700001 5868496 1181008 213760
34.799999 5868496 1181008 213760
34.900002 5868496 1181008 213760
35.000000 5868496 1181008 213760
35.099998 5868496 1181008 213760
35.200001 5868496 1181008 213760
35.299999 5868496 1181008 213760
35.400002 5868496 1181008 213760
35.500000 5868496 1181008 213760
35.599998 5868496 1181008 213760
35.700001 5868496 1181008 213760
35.799999 5868496 1181008 213760
35.900002 5868496 1181008 213760
36.000000 5868496 1181008 213760
36.099998 5868496 1181008 213760
36.200001 5868496 1181008 213760
36.299999 5868496 1181008 213760
36.400002 5868496 1181008 213760
36.500000 5868496 1181008 213760
36.599998 5868496 1181008 213760
36.700001 5868496 1181008 213760
36.799999 5868496 1181008 213760
36.900002 5868496 1181008 213760
37.000000 5868496 1181008 213760
37.099998 5868464 1181008 213760
37.200001 5868464 1181008 213760
37.299999 5868464 1181008 213760
37.400002 5868464 1181008 213760
37.500000 5868464 1181008 213760
37.599998 5868464 1181008 213760
37.700001 5868460 1181008 213760
37.799999 5868460 1181008 213760
37.900002 5868460 1181008 213760
38.000000 5868460 1181008 213760
38.099998 5868460 1181008 213760
38.200001 5868460 1181008 213760
38.299999 5868460 1181008 213760
38.400002 5868460 1181008 213760
38.500000 5868460 1181008 213760
38.599998 5868460 1181008 213760
38.700001 5868460 1181008 213760
38.799999 5868460 1181008 213760
38.900002 5868460 1181008 213760
39.000000 5868428 1181008 213760
39.099998 5868428 1181008 213760
39.200001 5868428 1181008 213760
39.299999 5868428 1181008 213760
39.400002 5868428 1181008 213760
39.500000 5868428 1181008 213760
39.599998 5868428 1181008 213760
39.700001 5868428 1181008 213760
39.799999 5868428 1181008 213760
39.900002 5868428 1181008 213760
40.000000 5868396 1181008 213760
40.099998 5868396 1181008 213760
40.200001 5868396 1181008 213760
40.299999 5868396 1181008 213760
40.400002 5868396 1181008 213760
40.500000 5868396 1181008 213760
40.599998 5868396 1181008 213760
40.700001 5868396 1181008 213760
40.799999 5868396 1181008 213760
40.900002 5868396 1181008 213760
41.000000 5868396 1181008 213760
41.099998 5868396 1181008 213760
41.200001 5868396 1181008 213760
41.299999 5868396 1181008 213760
41.400002 5868396 1181008 213760
41.500000 5868396 1181008 213760
41.599998 5868396 1181008 213760
41.700001 5868396 1181008 213760
41.799999 5868396 1181008 213760
41.900002 5868396 1181008 213760
42.000000 5868364 1181008 213760
42.099998 5868364 1181008 213760
42.200001 5868364 1181008 213760
42.299999 5868364 1181008 213760
42.400002 5868364 1181008 213760
42.500000 5868364 1181008 213760
42.599998 5868364 1181008 213760
42.700001 5868364 1181008 213760
42.799999 5868364 1181008 213760
42.900002 5868364 1181008 213760
43.000000 5868364 1181008 213760
43.099998 5868364 1181008 213760
43.200001 5868364 1181008 213760
43.299999 5868364 1181008 213760
43.400002 5868364 1181008 213760
43.500000 5868364 1181008 213760
43.599998 5868364 1181008 213760
43.700001 5868364 1181008 213760
43.799999 5868364 1181008 213760
43.900002 5868364 1181008 213760
44.000000 5868396 1181008 213760
44.099998 5868396 1181008 213760
44.200001 5868396 1181008 213760
44.299999 5868396 1181008 213760
44.400002 5868396 1181008 213760
44.500000 5868396 1181008 213760
44.599998 5868396 1181008 213760
44.700001 5868396 1181008 213760
44.799999 5868396 1181008 213760
44.900002 5868396 1181008 213760
45.000000 5868396 1181008 213760
45.099998 5868144 1181008 213760
45.200001 5868144 1181008 213760
45.299999 5868144 1181008 213760
45.400002 5868144 1181008 213760
45.500000 5868144 1181008 213760
45.599998 5868144 1181008 213760
45.700001 5868144 1181008 213760
45.799999 5868144 1181008 213760
45.900002 5868144 1181008 213760
46.000000 5868144 1181008 213760
46.099998 5868144 1181008 213760
46.200001 5868144 1181008 213760
46.299999 5868144 1181008 213760
46.400002 5868144 1181008 213760
46.500000 5868144 1181008 213760
46.599998 5868144 1181008 213760
46.700001 5868144 1181008 213760
46.799999 5868144 1181008 213760
46.900002 5868144 1181008 213760
47.000000 5868144 1181008 213760
47.099998 5868144 1181008 213760
47.200001 5868144 1181008 213760
47.299999 5868144 1181008 213760
47.400002 5868144 1181008 213760
47.500000 5868144 1181008 213760
47.599998 5868144 1181008 213760
47.700001 5868144 1181008 213760
47.799999 5868144 1181008 213764
47.900002 5868144 1181008 213764
48.000000 5868144 1181008 213764
48.099998 5868396 1181008 213764
48.200001 5868396 1181008 213764
48.299999 5868396 1181008 213764
48.400002 5868396 1181008 213764
48.500000 5868396 1181008 213764
48.599998 5868396 1181008 213764
48.700001 5868396 1181008 213764
48.799999 5868396 1181008 213764
48.900002 5868396 1181008 213764
49.000000 5868396 1181008 213764
49.099998 5868396 1181008 213764
49.200001 5868396 1181008 213764
49.299999 5868396 1181008 213764
49.400002 5868396 1181008 213764
49.500000 5868396 1181008 213764
49.599998 5868396 1181008 213764
49.700001 5868396 1181008 213764
49.799999 5868396 1181008 213764
49.900002 5868396 1181008 213764
50.000000 5868396 1181008 213764
50.099998 5868396 1181008 213764
50.200001 5868396 1181008 213764
50.299999 5868396 1181008 213764
50.400002 5868396 1181008 213764
50.500000 5868396 1181008 213764
50.599998 5868396 1181008 213764
50.700001 5868392 1181008 213764
50.799999 5868392 1181008 213764
50.900002 5868392 1181008 213764
51.000000 5868392 1181008 213764
51.099998 5868392 1181008 213764
51.200001 5868392 1181008 213764
51.299999 5868392 1181008 213764
51.400002 5868392 1181008 213764
51.500000 5868392 1181008 213764
51.599998 5868392 1181008 213764
51.700001 5868392 1181008 213764
51.799999 5868392 1181008 213764
51.900002 5868392 1181008 213764
52.000000 5868392 1181008 213764
52.099998 5868392 1181008 213764
52.200001 5868392 1181008 213764
52.299999 5868392 1181008 213764
52.400002 5868392 1181008 213764
52.500000 5868392 1181008 213764
52.599998 5868392 1181008 213764
52.700001 5868392 1181008 213764
52.799999 5868392 1181008 213764
52.900002 5868392 1181008 213764
53.000000 5868392 1181008 213764
53.099998 5868392 1181008 213764
53.200001 5868392 1181008 213764
53.299999 5868392 1181008 213764
53.400002 5868392 1181008 213764
53.500000 5868392 1181008 213764
53.599998 5868392 1181008 213764
53.700001 5868392 1181008 213764
53.799999 5868392 1181008 213764
53.900002 5868392 1181008 213764
54.000000 5868392 1181008 213764
54.099998 5868392 1181008 213764
54.200001 5868392 1181008 213764
54.299999 5868392 1181008 213764
54.400002 5868360 1181008 213764
54.500000 5868360 1181008 213764
54.599998 5868360 1181008 213764
54.700001 5868360 1181008 213764
54.799999 5868360 1181008 213764
54.900002 5868360 1181008 213764
55.000000 5868360 1181008 213764
55.099998 5868392 1181008 213764
55.200001 5868644 1181008 213764
55.299999 5868644 1181008 213764
55.400002 5868644 1181008 213764
55.500000 5868644 1181008 213764
55.599998 5868644 1181008 213764
55.700001 5868644 1181008 213764
55.799999 5868644 1181008 213764
55.900002 5868644 1181008 213764
56.000000 5868644 1181008 213764
56.099998 5868644 1181008 213764
56.200001 5868644 1181008 213764
56.299999 5868644 1181008 213764
56.400002 5868644 1181008 213764
56.500000 5868644 1181008 213764
56.599998 5868644 1181008 213764
56.700001 5868644 1181008 213764
56.799999 5868644 1181008 213764
56.900002 5868644 1181008 213764
57.000000 5868612 1181008 213764
57.099998 5868620 1181008 213764
57.200001 5868596 1181008 213764
57.299999 5868596 1181008 213764
57.400002 5868596 1181008 213764
57.500000 5868596 1181008 213764
57.599998 5868596 1181008 213764
57.700001 5868596 1181008 213764
57.799999 5868596 1181008 213764
57.900002 5868596 1181008 213764
58.000000 5868596 1181008 213764
58.099998 5868604 1181008 213764
58.200001 5868604 1181008 213764
58.299999 5868604 1181008 213764
58.400002 5868604 1181008 213764
58.500000 5868604 1181008 213764
58.599998 5868604 1181008 213764
58.700001 5868604 1181008 213764
58.799999 5868604 1181008 213764
58.900002 5868604 1181008 213764
59.000000 5868596 1181008 213764
59.099998 5868596 1181008 213764
59.200001 5868596 1181008 213764
59.299999 5868596 1181008 213764
59.400002 5868596 1181008 213764
59.500000 5868596 1181008 213764
59.599998 5868596 1181008 213764
59.700001 5868596 1181008 213764
59.799999 5868596 1181008 213764
59.900002 5868596 1181008 213764
60.000000 5868592 1181008 213764
60.099998 5868592 1181008 213764
60.200001 5868592 1181008 213764
60.299999 5868592 1181008 213764
60.400002 5868592 1181008 213764
60.500000 5868592 1181008 213764
60.599998 5868592 1181008 213764
60.700001 5868592 1181008 213764
60.799999 5868592 1181008 213764
60.900002 5868592 1181008 213764
61.000000 5868624 1181008 213764
61.099998 5868624 1181008 213764
61.200001 5868624 1181008 213764
61.299999 5868624 1181008 213764
61.400002 5868624 1181008 213764
61.500000 5868624 1181008 213764
61.599998 5868624 1181008 213764
61.700001 5868624 1181008 213764
61.799999 5868624 1181008 213764
61.900002 5868624 1181008 213764
62.000000 5868624 1181008 213764
62.099998 5868624 1181008 213764
62.200001 5868624 1181008 213764
62.299999 5868624 1181008 213764
62.400002 5868624 1181008 213764
62.500000 5868624 1181008 213764
62.599998 5868624 1181008 213764
62.700001 5868624 1181008 213764
62.799999 5868624 1181008 213764
62.900002 5868624 1181008 213764
63.000000 5868616 1181008 213764
63.099998 5868616 1181008 213764
63.200001 5868616 1181008 213764
63.299999 5868616 1181008 213764
63.400002 5868616 1181008 213764
63.500000 5868616 1181008 213764
63.599998 5868616 1181008 213764
63.700001 5868612 1181008 213764
63.799999 5868612 1181008 213764
63.900002 5868612 1181008 213764
64.000000 5868612 1181008 213764
64.099998 5868612 1181008 213764
64.199997 5868612 1181008 213764
64.300003 5868612 1181008 213764
64.400002 5868612 1181008 213764
64.500000 5868612 1181008 213764
64.599998 5868612 1181008 213764
64.699997 5868612 1181008 213764
64.800003 5868612 1181008 213764
64.900002 5868612 1181008 213764
65.000000 5868612 1181008 213764
65.099998 5868612 1181008 213764
65.199997 5868612 1181008 213764
65.300003 5868612 1181008 213764
65.400002 5868644 1181008 213764
65.500000 5868644 1181008 213764
65.599998 5868644 1181008 213764
65.699997 5868644 1181008 213764
65.800003 5868644 1181008 213764
65.900002 5868644 1181008 213764
66.000000 5868644 1181008 213764
66.099998 5868644 1181008 213764
66.199997 5868644 1181008 213764
66.300003 5868644 1181008 213764
66.400002 5868644 1181008 213764
66.500000 5868644 1181008 213764
66.599998 5868644 1181008 213764
66.699997 5868644 1181008 213764
66.800003 5868644 1181008 213764
66.900002 5868644 1181008 213764
67.000000 5868644 1181008 213764
67.099998 5868392 1181008 213764
67.199997 5868392 1181008 213764
67.300003 5868392 1181008 213764
67.400002 5868392 1181008 213764
67.500000 5868392 1181008 213764
67.599998 5868392 1181008 213764
67.699997 5868392 1181008 213764
67.800003 5868392 1181008 213764
67.900002 5868392 1181008 213764
68.000000 5868392 1181008 213764
68.099998 5868392 1181008 213764
68.199997 5868392 1181008 213764
68.300003 5868392 1181008 213764
68.400002 5868392 1181008 213764
68.500000 5868392 1181008 213764
68.599998 5868392 1181008 213764
68.699997 5868392 1181008 213764
68.800003 5868392 1181008 213764
68.900002 5868392 1181008 213764
69.000000 5868392 1181008 213764
69.099998 5868392 1181008 213764
69.199997 5868140 1181008 213764
69.300003 5868140 1181008 213764
69.400002 5868140 1181008 213764
69.500000 5868140 1181008 213764
69.599998 5868140 1181008 213764
69.699997 5868140 1181008 213764
69.800003 5868140 1181008 213764
69.900002 5868140 1181008 213764
70.000000 5868140 1181008 213764
70.099998 5868140 1181008 213764
70.199997 5868140 1181008 213764
70.300003 5868140 1181008 213764
70.400002 5868140 1181008 213764
70.500000 5868140 1181008 213764
70.599998 5868140 1181008 213764
70.699997 5868140 1181008 213764
70.800003 5868140 1181008 213764
70.900002 5868140 1181008 213764
71.000000 5868140 1181008 213764
71.099998 5868140 1181008 213764
71.199997 5868140 1181008 213764
71.300003 5868140 1181008 213764
71.400002 5868140 1181008 213764
71.500000 5868140 1181008 213764
71.599998 5868140 1181008 213764
71.699997 5868140 1181008 213764
71.800003 5868140 1181008 213764
71.900002 5868140 1181008 213764
72.000000 5868172 1181008 213764
72.099998 5868172 1181008 213764
72.199997 5868172 1181008 213764
72.300003 5868172 1181008 213764
72.400002 5868172 1181008 213764
72.500000 5868172 1181008 213764
72.599998 5868172 1181008 213764
72.699997 5868172 1181008 213764
72.800003 5868172 1181008 213764
72.900002 5868172 1181008 213764
73.000000 5868172 1181008 213764
73.099998 5868172 1181008 213764
73.199997 5868172 1181008 213764
73.300003 5868172 1181008 213764
73.400002 5868172 1181008 213764
73.500000 5868172 1181008 213764
73.599998 5868172 1181008 213764
73.699997 5868172 1181008 213764
73.800003 5868172 1181008 213764
73.900002 5868172 1181008 213764
74.000000 5868172 1181008 213764
74.099998 5868172 1181008 213764
74.199997 5868172 1181008 213764
74.300003 5868172 1181008 213764
74.400002 5868172 1181008 213764
74.500000 5868172 1181008 213764
74.599998 5868172 1181008 213764
74.699997 5868172 1181008 213764
74.800003 5868172 1181008 213764
74.900002 5868172 1181008 213764
75.000000 5868172 1181008 213764
75.099998 5868168 1181008 213764
75.199997 5868168 1181008 213764
75.300003 5868168 1181008 213764
75.400002 5868168 1181008 213764
75.500000 5868168 1181008 213764
75.599998 5868168 1181008 213764
75.699997 5868164 1181008 213764
75.800003 5868164 1181008 213764
75.900002 5868164 1181008 213764
76.000000 5868164 1181008 213764
76.099998 5868164 1181008 213764
76.199997 5868196 1181008 213764
76.300003 5868196 1181008 213764
76.400002 5868196 1181008 213764
76.500000 5868196 1181008 213764
76.599998 5868196 1181008 213764
76.699997 5868196 1181008 213764
76.800003 5868196 1181008 213764
76.900002 5868196 1181008 213764
77.000000 5868196 1181008 213764
77.099998 5868188 1181008 213764
77.199997 5868408 1181008 213764
77.300003 5868408 1181008 213764
77.400002 5868408 1181008 213764
77.500000 5868408 1181008 213764
77.599998 5868408 1181008 213764
77.699997 5868408 1181008 213764
77.800003 5868408 1181008 213764
77.900002 5868408 1181008 213764
78.000000 5868408 1181008 213764
78.099998 5868408 1181008 213764
78.199997 5868408 1181008 213764
78.300003 5868408 1181008 213764
78.400002 5868408 1181008 213764
78.500000 5868408 1181008 213764
78.599998 5868408 1181008 213764
78.699997 5868408 1181008 213764
78.800003 5868408 1181008 213764
78.900002 5868408 1181008 213764
79.000000 5868408 1181008 213764
79.099998 5868408 1181008 213764
79.199997 5868408 1181008 213764
79.300003 5868408 1181008 213764
79.400002 5868408 1181008 213764
79.500000 5868408 1181008 213764
79.599998 5868408 1181008 213764
79.699997 5868408 1181008 213764
79.800003 5868408 1181008 213764
79.900002 5868408 1181008 213764
80.000000 5868408 1181008 213764
80.099998 5868408 1181008 213764
80.199997 5868408 1181008 213764
80.300003 5868408 1181008 213764
80.400002 5868408 1181008 213764
80.500000 5868408 1181008 213764
80.599998 5868408 1181008 213764
80.699997 5868408 1181008 213764
80.800003 5868408 1181008 213764
80.900002 5868408 1181008 213764
81.000000 5868408 1181008 213764
81.099998 5868408 1181008 213764
81.199997 5868408 1181008 213764
81.300003 5868408 1181008 213764
81.400002 5868408 1181008 213764
81.500000 5868408 1181008 213764
81.599998 5868408 1181008 213764
81.699997 5868408 1181008 213764
81.800003 5868408 1181008 213764
81.900002 5868408 1181008 213764
82.000000 5868416 1181008 213764
82.099998 5868416 1181008 213764
82.199997 5868416 1181008 213764
82.300003 5868416 1181008 213764
82.400002 5868416 1181008 213764
82.500000 5868416 1181008 213764
82.599998 5868416 1181008 213764
82.699997 5868416 1181008 213764
82.800003 5868416 1181008 213764
82.900002 5868416 1181008 213764
83.000000 5868408 1181008 213764
83.099998 5868408 1181008 213764
83.199997 5868408 1181008 213764
83.300003 5868408 1181008 213764
83.400002 5868408 1181008 213764
83.500000 5868408 1181008 213764
83.599998 5868408 1181008 213764
83.699997 5868408 1181008 213764
83.800003 5868408 1181008 213764
83.900002 5868408 1181008 213764
84.000000 5868408 1181008 213764
84.099998 5868408 1181008 213764
84.199997 5868408 1181008 213764
84.300003 5868408 1181008 213764
84.400002 5868408 1181008 213764
84.500000 5868408 1181008 213764
84.599998 5868408 1181008 213764
84.699997 5868408 1181008 213764
84.800003 5868408 1181008 213764
84.900002 5868408 1181008 213764
85.000000 5868408 1181008 213764
85.099998 5868408 1181008 213764
85.199997 5868408 1181008 213764
85.300003 5868408 1181008 213764
85.400002 5868408 1181008 213764
85.500000 5868408 1181008 213764
85.599998 5868408 1181008 213764
85.699997 5868408 1181008 213764
85.800003 5868408 1181008 213764
85.900002 5868408 1181008 213764
86.000000 5868408 1181008 213764
86.099998 5868408 1181008 213764
86.199997 5868408 1181008 213764
86.300003 5868408 1181008 213764
86.400002 5868408 1181008 213764
86.500000 5868408 1181008 213764
86.599998 5868408 1181008 213764
86.699997 5868408 1181008 213764
86.800003 5868408 1181008 213764
86.900002 5868408 1181008 213764
87.000000 5868408 1181008 213764
87.099998 5868408 1181008 213764
87.199997 5868408 1181008 213764
87.300003 5868408 1181008 213764
87.400002 5868408 1181008 213764
87.500000 5868408 1181008 213764
87.599998 5868408 1181008 213764
87.699997 5868404 1181008 213764
87.800003 5868404 1181008 213764
87.900002 5868404 1181008 213764
88.000000 5868404 1181008 213764
88.099998 5868436 1181008 213764
88.199997 5868436 1181008 213764
88.300003 5868436 1181008 213764
88.400002 5868436 1181008 213764
88.500000 5868436 1181008 213764
88.599998 5868436 1181008 213764
88.699997 5868436 1181008 213764
88.800003 5868436 1181008 213764
88.900002 5868688 1181008 213764
89.000000 5868688 1181008 213764
89.099998 5868688 1181008 213764
89.199997 5868688 1181008 213764
89.300003 5868688 1181008 213764
89.400002 5868688 1181008 213764
89.500000 5868688 1181008 213764
89.599998 5868688 1181008 213764
89.699997 5868688 1181008 213764
89.800003 5868688 1181008 213764
89.900002 5868688 1181008 213764
90.000000 5868688 1181008 213764
90.099998 5868688 1181008 213764
90.199997 5868688 1181008 213764
90.300003 5868688 1181008 213764
90.400002 5868688 1181008 213764
90.500000 5868688 1181008 213764
90.599998 5868688 1181008 213764
90.699997 5868688 1181008 213764
90.800003 5868688 1181008 213764
90.900002 5868688 1181008 213764
91.000000 5868688 1181008 213764
91.099998 5868688 1181008 213764
91.199997 5868688 1181008 213764
91.300003 5868688 1181008 213764
91.400002 5868688 1181008 213764
91.500000 5868688 1181008 213764
91.599998 5868688 1181008 213764
91.699997 5868688 1181008 213764
91.800003 5868688 1181008 213764
91.900002 5868688 1181008 213764
92.000000 5868688 1181008 213764
92.099998 5868688 1181008 213764
92.199997 5868940 1181008 213764
92.300003 5868940 1181008 213764
92.400002 5868972 1181008 213764
92.500000 5868972 1181008 213764
92.599998 5868972 1181008 213764
92.699997 5868972 1181008 213764
92.800003 5868972 1181008 213764
92.900002 5868972 1181008 213764
93.000000 5868968 1181008 213764
93.099998 5868968 1181008 213764
93.199997 5868968 1181008 213764
93.300003 5868968 1181008 213764
93.400002 5868968 1181008 213764
93.500000 5868968 1181008 213764
93.599998 5868968 1181008 213764
93.699997 5868968 1181008 213764
93.800003 5868968 1181008 213764
93.900002 5868968 1181008 213764
94.000000 5869220 1181008 213764
94.099998 5869220 1181008 213764
94.199997 5869220 1181008 213764
94.300003 5869220 1181008 213764
94.400002 5869220 1181008 213764
94.500000 5869220 1181008 213764
94.599998 5869220 1181008 213764
94.699997 5869220 1181008 213764
94.800003 5869220 1181008 213764
94.900002 5869220 1181008 213764
95.000000 5869220 1181008 213764
95.099998 5869220 1181008 213764
95.199997 5869220 1181008 213764
95.300003 5869232 1181008 213780
95.400002 5869232 1181008 213780
95.500000 5869232 1181008 213780
95.599998 5869232 1181008 213780
95.699997 5869232 1181008 213780
95.800003 5869232 1181008 213780
95.900002 5869472 1181008 213780
96.000000 5869472 1181008 213780
96.099998 5869472 1181008 213780
96.199997 5869472 1181008 213780
96.300003 5869472 1181008 213780
96.400002 5869472 1181008 213780
96.500000 5869472 1181008 213780
96.599998 5869472 1181008 213780
96.699997 5869472 1181008 213780
96.800003 5869472 1181008 213780
96.900002 5869472 1181008 213780
97.000000 5869472 1181008 213780
97.099998 5869440 1181008 213780
97.199997 5869440 1181008 213780
97.300003 5869440 1181008 213780
97.400002 5869440 1181008 213780
97.500000 5869440 1181008 213780
97.599998 5869440 1181008 213780
97.699997 5869440 1181008 213780
97.800003 5869440 1181008 213780
97.900002 5869440 1181008 213780
98.000000 5869440 1181008 213780
98.099998 5869440 1181008 213780
98.199997 5869440 1181008 213780
98.300003 5869440 1181008 213780
98.400002 5869440 1181008 213780
98.500000 5869440 1181008 213780
98.599998 5869440 1181008 213780
98.699997 5869440 1181008 213780
98.800003 5869440 1181008 213780
98.900002 5869440 1181008 213780
99.000000 5869440 1181008 213780
99.099998 5869440 1181008 213780
99.199997 5869440 1181008 213780
99.300003 5869440 1181008 213780
99.400002 5869440 1181008 213780
99.500000 5869440 1181008 213780
99.599998 5869440 1181008 213780
99.699997 5869440 1181008 213780
99.800003 5869440 1181008 213780
99.900002 5869404 1181008 213780
100.000000 5869404 1181008 213780
100.099998 5869404 1181008 213780
100.199997 5869404 1181008 213780
100.300003 5869404 1181008 213780
100.400002 5869404 1181008 213780
100.500000 5869404 1181008 213780
100.599998 5869404 1181008 213780
100.699997 5869404 1181008 213780
100.800003 5869404 1181008 213780
100.900002 5869404 1181008 213780
101.000000 5869404 1181008 213780
101.099998 5869404 1181008 213780
101.199997 5869404 1181008 213780
101.300003 5869404 1181008 213780
101.400002 5869404 1181008 213780
101.500000 5869404 1181008 213780
101.599998 5869404 1181008 213780
101.699997 5869404 1181008 213780
101.800003 5869404 1181008 213780
101.900002 5869404 1181008 213780
102.000000 5869404 1181008 213780
102.099998 5869404 1181008 213780
102.199997 5869404 1181008 213780
102.300003 5869404 1181008 213780
102.400002 5869404 1181008 213780
102.500000 5869404 1181008 213780
102.599998 5869404 1181008 213780
102.699997 5869404 1181008 213780
102.800003 5869404 1181008 213780
102.900002 5869404 1181008 213780
103.000000 5869436 1181008 213780
103.099998 5869436 1181008 213780
103.199997 5869436 1181008 213780
103.300003 5869436 1181008 213780
103.400002 5869436 1181008 213780
103.500000 5869436 1181008 213780
103.599998 5869436 1181008 213780
103.699997 5869436 1181008 213780
103.800003 5869436 1181008 213780
103.900002 5869436 1181008 213780
104.000000 5869436 1181008 213780
104.099998 5869436 1181008 213780
104.199997 5869436 1181008 213780
104.300003 5869436 1181008 213780
104.400002 5869436 1181008 213780
104.500000 5869436 1181008 213780
104.599998 5869436 1181008 213780
104.699997 5869436 1181008 213780
104.800003 5869436 1181008 213780
104.900002 5869436 1181008 213780
105.000000 5869436 1181008 213780
105.099998 5869436 1181008 213780
105.199997 5869436 1181008 213780
105.300003 5869436 1181008 213780
105.400002 5869436 1181008 213780
105.500000 5869436 1181008 213780
105.599998 5869436 1181008 213780
105.699997 5869436 1181008 213780
105.800003 5869436 1181008 213780
105.900002 5869436 1181008 213780
106.000000 5869436 1181008 213780
106.099998 5869436 1181008 213780
106.199997 5869436 1181008 213780
106.300003 5869436 1181008 213780
106.400002 5869436 1181008 213780
106.500000 5869436 1181008 213780
106.599998 5869436 1181008 213780
106.699997 5869436 1181008 213780
106.800003 5869436 1181008 213780
106.900002 5869436 1181008 213780
107.000000 5869436 1181008 213780
107.099998 5869436 1181008 213780
107.199997 5869436 1181008 213780
107.300003 5869436 1181008 213780
107.400002 5869404 1181008 213780
107.500000 5869404 1181008 213780
107.599998 5869404 1181008 213780
107.699997 5869404 1181008 213780
107.800003 5869404 1181008 213780
107.900002 5869404 1181008 213780
108.000000 5869404 1181008 213780
108.099998 5869404 1181008 213780
108.199997 5869404 1181008 213780
108.300003 5869404 1181008 213780
108.400002 5869404 1181008 213780
108.500000 5869404 1181008 213780
108.599998 5869436 1181008 213780
108.699997 5869436 1181008 213780
108.800003 5869436 1181008 213780
108.900002 5869436 1181008 213780
109.000000 5869436 1181008 213780
109.099998 5869436 1181008 213780
109.199997 5869436 1181008 213780
109.300003 5869436 1181008 213780
109.400002 5869436 1181008 213780
109.500000 5869436 1181008 213780
109.599998 5869436 1181008 213780
109.699997 5869436 1181008 213780
109.800003 5869436 1181008 213780
109.900002 5869436 1181008 213780
110.000000 5869436 1181008 213780
110.099998 5869436 1181008 213780
110.199997 5869436 1181008 213780
110.300003 5869436 1181008 213780
110.400002 5869436 1181008 213780
110.500000 5869468 1181008 213780
110.599998 5869468 1181008 213780
110.699997 5869468 1181008 213780
110.800003 5869468 1181008 213780
110.900002 5869468 1181008 213780
111.000000 5869468 1181008 213780
111.099998 5869468 1181008 213780
111.199997 5869468 1181008 213780
111.300003 5869468 1181008 213780
111.400002 5869468 1181008 213780
111.500000 5869468 1181008 213780
111.599998 5869468 1181008 213780
111.699997 5869468 1181008 213780
111.800003 5869468 1181008 213780
111.900002 5869468 1181008 213780
112.000000 5869432 1181008 213780
112.099998 5869432 1181008 213780
112.199997 5869432 1181008 213780
112.300003 5869432 1181008 213780
112.400002 5869432 1181008 213780
112.500000 5869432 1181008 213780
112.599998 5869432 1181008 213780
112.699997 5869432 1181008 213780
112.800003 5869432 1181008 213780
112.900002 5869432 1181008 213780
113.000000 5869432 1181008 213780
113.099998 5869432 1181008 213780
113.199997 5869432 1181008 213780
113.300003 5869432 1181008 213780
113.400002 5869432 1181008 213780
113.500000 5869432 1181008 213780
113.599998 5869432 1181008 213780
113.699997 5869432 1181008 213780
113.800003 5869432 1181008 213780
113.900002 5869432 1181008 213780
114.000000 5869400 1181008 213780
114.099998 5869400 1181008 213780
114.199997 5869400 1181008 213780
114.300003 5869400 1181008 213780
114.400002 5869400 1181008 213780
114.500000 5869400 1181008 213780
114.599998 5869400 1181008 213780
114.699997 5869400 1181008 213780
114.800003 5869400 1181008 213780
114.900002 5869400 1181008 213780
115.000000 5869400 1181008 213780
115.099998 5869148 1181008 213780
115.199997 5869148 1181008 213780
115.300003 5869148 1181008 213780
115.400002 5869148 1181008 213780
115.500000 5869148 1181008 213780
115.599998 5869148 1181008 213780
115.699997 5869148 1181008 213780
115.800003 5869148 1181008 213780
115.900002 5869148 1181008 213780
116.000000 5869148 1181008 213780
116.099998 5869180 1181008 213780
116.199997 5869180 1181008 213780
116.300003 5869180 1181008 213780
116.400002 5869180 1181008 213780
116.500000 5869180 1181008 213780
116.599998 5869180 1181008 213780
116.699997 5869180 1181008 213780
116.800003 5869180 1181008 213780
116.900002 5869180 1181008 213780
117.000000 5869180 1181008 213780
117.099998 5869180 1181008 213780
117.199997 5869180 1181008 213780
117.300003 5869180 1181008 213780
117.400002 5869180 1181008 213780
117.500000 5869180 1181008 213780
117.599998 5869180 1181008 213780
117.699997 5869180 1181008 213780
117.800003 5869180 1181008 213780
117.900002 5869180 1181008 213780
118.000000 5869180 1181008 213780
118.099998 5869212 1181008 213780
118.199997 5869212 1181008 213780
118.300003 5869212 1181008 213780
118.400002 5869212 1181008 213780
118.500000 5869212 1181008 213780
118.599998 5869212 1181008 213780
118.699997 5869180 1181008 213780
118.800003 5869180 1181008 213780
118.900002 5869180 1181008 213780
119.000000 5869180 1181008 213780
119.099998 5869180 1181008 213780
119.199997 5869180 1181008 213780
119.300003 5869180 1181008 213780
119.400002 5869180 1181008 213780
119.500000 5869180 1181008 213780
119.599998 5869180 1181008 213780
119.699997 5869180 1181008 213780
119.800003 5869180 1181008 213780
119.900002 5869180 1181008 213780
120.000000 5869180 1181008 213780
