0.000000 5837832 1240832 88644
0.100000 5837832 1240832 88644
0.200000 5837636 1240832 88644
0.300000 5837636 1240832 88644
0.400000 5837636 1240832 88644
0.500000 5837636 1240832 88644
0.600000 5837636 1240832 88644
0.700000 5837636 1240832 88644
0.800000 5837604 1240832 88652
0.900000 5837604 1240832 88652
1.000000 5837604 1240832 88652
1.100000 5837604 1240832 88652
1.200000 5837604 1240832 88652
1.300000 5837556 1240832 88652
1.400000 5837556 1240832 88652
1.500000 5837556 1240832 88652
1.600000 5837556 1240832 88652
1.700000 5837556 1240832 88652
1.800000 5837556 1240832 88652
1.900000 5837556 1240832 88652
2.000000 5837556 1240832 88652
2.100000 5837556 1240832 88652
2.200000 5837556 1240832 88652
2.300000 5837556 1240832 88652
2.400000 5837556 1240832 88652
2.500000 5837556 1240832 88652
2.600000 5837556 1240832 88652
2.700000 5837556 1240832 88652
2.800000 5837556 1240832 88652
2.900000 5837556 1240832 88652
3.000000 5837556 1240832 88652
3.100000 5837556 1240832 88652
3.200000 5837556 1240832 88652
3.300000 5837524 1240832 88652
3.400000 5837524 1240832 88652
3.500000 5837524 1240832 88652
3.600000 5837524 1240832 88652
3.700000 5837524 1240832 88652
3.800000 5837524 1240832 88652
3.900000 5837524 1240832 88652
4.000000 5837524 1240832 88652
4.100000 5837524 1240832 88652
4.200000 5837524 1240832 88652
4.300000 5837524 1240832 88652
4.400000 5837524 1240832 88652
4.500000 5837524 1240832 88652
4.600000 5837524 1240832 88652
4.700000 5837524 1240832 88652
4.800000 5837524 1240832 88652
4.900000 5837524 1240832 88652
5.000000 5837524 1240832 88652
5.100000 5837524 1240832 88652
5.200000 5837524 1240832 88652
5.300000 5837556 1240832 88652
5.400000 5837556 1240832 88652
5.500000 5837556 1240832 88652
5.600000 5837556 1240832 88652
5.700000 5837556 1240832 88652
5.800000 5837556 1240832 88652
5.900000 5837556 1240832 88652
6.000000 5837556 1240832 88652
6.100000 5837556 1240832 88652
6.200000 5837556 1240832 88652
6.300000 5837588 1240832 88652
6.400000 5837588 1240832 88652
6.500000 5837588 1240832 88652
6.600000 5837588 1240832 88652
6.700000 5837588 1240832 88652
6.800000 5837556 1240832 88652
6.900000 5837556 1240832 88652
7.000000 5837556 1240832 88652
7.100000 5837556 1240832 88652
7.200000 5837556 1240832 88652
7.300000 5837556 1240832 88652
7.400000 5837556 1240832 88652
7.500000 5837556 1240832 88652
7.600000 5837556 1240832 88652
7.700000 5837556 1240832 88652
7.800000 5837556 1240832 88652
7.900000 5837556 1240832 88652
8.000000 5837556 1240832 88652
8.100000 5837556 1240832 88652
8.200000 5837556 1240832 88652
8.300000 5837556 1240832 88652
8.400000 5837556 1240832 88652
8.500000 5837556 1240832 88652
8.600000 5837556 1240832 88652
8.700000 5837556 1240832 88652
8.800000 5837556 1240832 88652
8.900000 5837556 1240832 88652
9.000000 5837556 1240832 88652
9.100000 5837556 1240832 88652
9.200000 5837556 1240832 88652
9.300000 5837556 1240832 88652
9.400000 5837556 1240832 88652
9.500000 5837556 1240832 88652
9.600000 5837304 1240832 88652
9.700000 5837304 1240832 88652
9.800000 5837304 1240832 88652
9.900000 5837304 1240832 88652
10.000000 5837304 1240832 88652
10.100000 5837304 1240832 88652
10.200000 5837312 1240832 88652
10.300000 5837312 1240832 88652
10.400000 5837312 1240832 88652
10.500000 5837312 1240832 88652
10.600000 5837312 1240832 88652
10.700000 5837312 1240832 88652
10.800000 5837312 1240832 88652
10.900000 5837312 1240832 88652
11.000000 5837312 1240832 88652
11.100000 5837312 1240832 88652
11.200000 5837312 1240832 88652
11.300000 5837312 1240832 88652
11.400000 5837312 1240832 88652
11.500000 5837312 1240832 88652
11.600000 5837312 1240832 88652
11.700000 5837312 1240832 88652
11.800000 5837312 1240832 88652
11.900000 5837312 1240832 88652
12.000000 5837312 1240832 88652
12.100000 5837312 1240832 88652
12.200000 5837312 1240832 88652
12.300000 5837312 1240832 88652
12.400000 5837312 1240832 88652
12.500000 5837312 1240832 88652
12.600000 5837312 1240832 88652
12.700000 5837312 1240832 88652
12.800000 5837312 1240832 88652
12.900000 5837312 1240832 88652
13.000000 5837312 1240832 88652
13.100000 5837312 1240832 88652
13.200000 5837276 1240832 88652
13.300000 5837276 1240832 88652
13.400000 5837276 1240832 88652
13.500000 5837276 1240832 88652
13.600000 5837276 1240832 88652
13.700000 5837276 1240832 88652
13.800000 5837276 1240832 88652
13.900000 5837276 1240832 88652
14.000000 5837276 1240832 88652
14.100000 5837276 1240832 88652
14.200000 5837276 1240832 88652
14.300000 5837276 1240832 88652
14.400000 5837276 1240832 88652
14.500000 5837276 1240832 88652
14.600000 5837276 1240832 88652
14.700000 5837276 1240832 88652
14.800000 5837276 1240832 88652
14.900000 5837276 1240832 88652
15.000000 5837276 1240832 88652
15.100000 5837276 1240832 88652
15.200000 5837276 1240832 88652
15.300000 5837528 1240832 88652
15.400000 5837528 1240832 88652
15.500000 5836764 1240832 88652
15.600000 5836764 1240832 88652
15.700000 5836764 1240832 88652
15.800000 5836764 1240832 88652
15.900000 5836764 1240832 88652
16.000000 5836764 1240832 88652
16.100000 5836764 1240832 88652
16.200001 5836764 1240832 88652
16.299999 5836764 1240832 88652
16.400000 5836764 1240832 88652
16.500000 5836764 1240832 88652
16.600000 5836764 1240832 88652
16.700001 5836764 1240832 88652
16.799999 5836764 1240832 88652
16.900000 5836764 1240832 88652
17.000000 5836764 1240832 88652
17.100000 5836764 1240832 88652
17.200001 5836764 1240832 88652
17.299999 5836764 1240832 88652
17.400000 5836764 1240832 88652
17.500000 5836764 1240832 88652
17.600000 5836764 1240832 88652
17.700001 5836764 1240832 88652
17.799999 5836764 1240832 88652
17.900000 5836764 1240832 88652
18.000000 5836764 1240832 88652
18.100000 5836764 1240832 88652
18.200001 5836764 1240832 88652
18.299999 5836764 1240832 88652
18.400000 5836764 1240832 88652
18.500000 5836764 1240832 88652
18.600000 5836764 1240832 88652
18.700001 5836764 1240832 88652
18.799999 5836764 1240832 88652
18.900000 5836764 1240832 88652
19.000000 5836764 1240832 88652
19.100000 5836764 1240832 88652
19.200001 5836764 1240832 88652
19.299999 5836764 1240832 88652
19.400000 5836764 1240832 88652
19.500000 5836764 1240832 88652
19.600000 5836764 1240832 88652
19.700001 5836764 1240832 88652
19.799999 5836764 1240832 88652
19.900000 5836764 1240832 88652
20.000000 5836764 1240832 88652
20.100000 5836764 1240832 88652
20.200001 5836764 1240832 88652
20.299999 5836764 1240832 88652
20.400000 5836764 1240832 88652
20.500000 5836764 1240832 88652
20.600000 5836764 1240832 88652
20.700001 5836764 1240832 88652
20.799999 5836764 1240832 88652
20.900000 5836764 1240832 88652
21.000000 5836764 1240832 88652
21.100000 5836732 1240832 88652
21.200001 5836732 1240832 88652
21.299999 5836732 1240832 88652
21.400000 5836732 1240832 88652
21.500000 5836732 1240832 88652
21.600000 5836732 1240832 88652
21.700001 5836764 1240832 88652
21.799999 5836764 1240832 88652
21.900000 5836764 1240832 88652
22.000000 5836764 1240832 88652
22.100000 5836764 1240832 88652
22.200001 5836764 1240832 88652
22.299999 5836764 1240832 88652
22.400000 5836764 1240832 88652
22.500000 5836764 1240832 88652
22.600000 5836764 1240832 88652
22.700001 5836764 1240832 88652
22.799999 5836764 1240832 88652
22.900000 5836764 1240832 88652
23.000000 5836764 1240832 88652
23.100000 5836764 1240832 88652
23.200001 5836512 1240832 88652
23.299999 5836512 1240832 88652
23.400000 5836512 1240832 88652
23.500000 5836512 1240832 88652
23.600000 5836512 1240832 88652
23.700001 5836864 1240832 88652
23.799999 5836512 1240832 88652
23.900000 5836512 1240832 88652
24.000000 5836512 1240832 88652
24.100000 5836512 1240832 88652
24.200001 5836512 1240832 88652
24.299999 5836512 1240832 88652
24.400000 5836512 1240832 88652
24.500000 5836512 1240832 88652
24.600000 5836512 1240832 88652
24.700001 5835896 1240832 88652
24.799999 5835896 1240832 88652
24.900000 5835896 1240832 88652
25.000000 5835896 1240832 88652
25.100000 5835896 1240832 88652
25.200001 5835896 1240832 88652
25.299999 5835788 1240832 88652
25.400000 5835788 1240832 88652
25.500000 5835788 1240832 88652
25.600000 5835788 1240832 88652
25.700001 5835788 1240832 88652
25.799999 5835788 1240832 88652
25.900000 5835788 1240832 88652
26.000000 5835788 1240832 88652
26.100000 5835788 1240832 88652
26.200001 5835788 1240832 88652
26.299999 5835784 1240832 88652
26.400000 5835784 1240832 88652
26.500000 5835784 1240832 88652
26.600000 5835784 1240832 88652
26.700001 5835784 1240832 88652
26.799999 5835784 1240832 88652
26.900000 5835784 1240832 88652
27.000000 5835784 1240832 88652
27.100000 5835784 1240832 88652
27.200001 5835784 1240832 88652
27.299999 5835784 1240832 88652
27.400000 5835784 1240832 88652
27.500000 5835784 1240832 88652
27.600000 5835784 1240832 88652
27.700001 5835784 1240832 88652
27.799999 5835784 1240832 88652
27.900000 5835784 1240832 88652
28.000000 5835784 1240832 88652
28.100000 5835784 1240832 88652
28.200001 5835784 1240832 88652
28.299999 5835784 1240832 88652
28.400000 5835784 1240832 88652
28.500000 5835784 1240832 88652
28.600000 5835784 1240832 88652
28.700001 5835784 1240832 88652
28.799999 5835784 1240832 88652
28.900000 5835784 1240832 88652
29.000000 5835784 1240832 88652
29.100000 5835784 1240832 88652
29.200001 5835784 1240832 88652
29.299999 5835784 1240832 88652
29.400000 5836036 1240832 88652
29.500000 5836036 1240832 88652
29.600000 5836036 1240832 88652
29.700001 5836036 1240832 88652
29.799999 5836036 1240832 88652
29.900000 5836036 1240832 88652
30.000000 5836036 1240832 88652
30.100000 5836072 1240832 88652
30.200001 5835540 1240832 88652
30.299999 5835540 1240832 88652
30.400000 5835540 1240832 88652
30.500000 5835540 1240832 88652
30.600000 5835540 1240832 88652
30.700001 5835540 1240832 88652
30.799999 5835540 1240832 88652
30.900000 5835540 1240832 88652
31.000000 5835532 1240832 88652
31.100000 5835532 1240832 88652
31.200001 5835564 1240832 88652
31.299999 5835564 1240832 88652
31.400000 5835564 1240832 88652
31.500000 5835564 1240832 88652
31.600000 5835564 1240832 88652
31.700001 5835564 1240832 88652
31.799999 5835564 1240832 88652
31.900000 5835564 1240832 88652
32.000000 5835564 1240832 88652
32.099998 5835564 1240832 88652
32.200001 5835564 1240832 88652
32.299999 5835564 1240832 88652
32.400002 5835564 1240832 88652
32.500000 5835564 1240832 88652
32.599998 5835564 1240832 88652
32.700001 5835564 1240832 88652
32.799999 5835564 1240832 88652
32.900002 5835564 1240832 88652
33.000000 5835564 1240832 88652
33.099998 5835564 1240832 88652
33.200001 5835564 1240832 88652
33.299999 5835564 1240832 88652
33.400002 5835564 1240832 88652
33.500000 5835564 1240832 88652
33.599998 5835564 1240832 88652
33.700001 5835564 1240832 88652
33.799999 5835564 1240832 88652
33.900002 5835532 1240832 88652
34.000000 5835532 1240832 88652
34.099998 5835532 1240832 88652
34.200001 5835532 1240832 88652
34.299999 5835532 1240832 88652
34.400002 5835532 1240832 88652
34.500000 5835532 1240832 88652
34.599998 5835532 1240832 88652
34.700001 5835532 1240832 88652
34.799999 5835532 1240832 88652
34.900002 5835532 1240832 88652
35.000000 5835532 1240832 88652
35.099998 5835532 1240832 88652
35.200001 5835532 1240832 88652
35.299999 5835532 1240832 88652
35.400002 5835532 1240832 88652
35.500000 5835532 1240832 88652
35.599998 5835532 1240832 88652
35.700001 5835532 1240832 88652
35.799999 5835532 1240832 88652
35.900002 5835532 1240832 88652
36.000000 5835532 1240832 88652
36.099998 5835532 1240832 88652
36.200001 5835532 1240832 88652
36.299999 5835532 1240832 88652
36.400002 5835532 1240832 88652
36.500000 5835532 1240832 88652
36.599998 5835532 1240832 88652
36.700001 5835532 1240832 88652
36.799999 5835532 1240832 88652
36.900002 5835532 1240832 88652
37.000000 5835532 1240832 88652
37.099998 5835532 1240832 88652
37.200001 5835532 1240832 88652
37.299999 5835532 1240832 88652
37.400002 5835532 1240832 88652
37.500000 5835532 1240832 88652
37.599998 5835532 1240832 88652
37.700001 5835532 1240832 88652
37.799999 5835532 1240832 88652
37.900002 5835532 1240832 88652
38.000000 5835532 1240832 88652
38.099998 5835564 1240832 88652
38.200001 5835564 1240832 88652
38.299999 5835564 1240832 88652
38.400002 5835564 1240832 88652
38.500000 5835564 1240832 88652
38.599998 5835564 1240832 88652
38.700001 5835564 1240832 88652
38.799999 5834556 1240832 88652
38.900002 5834556 1240832 88652
39.000000 5834556 1240832 88652
39.099998 5834556 1240832 88652
39.200001 5834804 1240832 88652
39.299999 5834804 1240832 88652
39.400002 5834804 1240832 88652
39.500000 5834804 1240832 88652
39.599998 5834804 1240832 88652
39.700001 5834804 1240832 88652
39.799999 5834804 1240832 88652
39.900002 5834804 1240832 88652
40.000000 5834804 1240832 88652
40.099998 5835056 1240832 88652
40.200001 5835056 1240832 88652
40.299999 5835056 1240832 88652
40.400002 5835056 1240832 88652
40.500000 5835056 1240832 88652
40.599998 5835056 1240832 88652
40.700001 5835056 1240832 88652
40.799999 5835088 1240832 88652
40.900002 5835088 1240832 88652
41.000000 5835088 1240832 88652
41.099998 5835088 1240832 88652
41.200001 5835088 1240832 88652
41.299999 5835088 1240832 88652
41.400002 5835088 1240832 88652
41.500000 5835088 1240832 88652
41.599998 5835088 1240832 88652
41.700001 5835068 1240832 88660
41.799999 5835100 1240832 88660
41.900002 5835100 1240832 88660
42.000000 5835100 1240832 88660
42.099998 5835100 1240832 88660
42.200001 5835088 1240832 88660
42.299999 5835088 1240832 88660
42.400002 5835088 1240832 88660
42.500000 5835088 1240832 88660
42.599998 5835088 1240832 88660
42.700001 5835088 1240832 88660
42.799999 5835088 1240832 88660
42.900002 5835088 1240832 88660
43.000000 5835088 1240832 88660
43.099998 5835088 1240832 88660
43.200001 5835056 1240832 88660
43.299999 5835056 1240832 88660
43.400002 5835056 1240832 88660
43.500000 5835056 1240832 88660
43.599998 5835056 1240832 88660
43.700001 5835056 1240832 88660
43.799999 5835056 1240832 88660
43.900002 5835056 1240832 88660
44.000000 5835056 1240832 88660
44.099998 5835056 1240832 88660
44.200001 5835056 1240832 88660
44.299999 5835056 1240832 88660
44.400002 5835056 1240832 88660
44.500000 5835056 1240832 88660
44.599998 5835056 1240832 88660
44.700001 5835056 1240832 88660
44.799999 5835024 1240832 88660
44.900002 5835024 1240832 88660
45.000000 5835024 1240832 88660
45.099998 5835024 1240832 88660
45.200001 5835024 1240832 88660
45.299999 5835024 1240832 88660
45.400002 5835024 1240832 88660
45.500000 5835024 1240832 88660
45.599998 5835024 1240832 88660
45.700001 5835024 1240832 88660
45.799999 5834992 1240832 88660
45.900002 5834992 1240832 88660
46.000000 5834992 1240832 88660
46.099998 5834992 1240832 88660
46.200001 5834992 1240832 88660
46.299999 5834992 1240832 88660
46.400002 5834992 1240832 88660
46.500000 5834992 1240832 88660
46.599998 5834992 1240832 88660
46.700001 5834992 1240832 88660
46.799999 5834992 1240832 88660
46.900002 5834992 1240832 88660
47.000000 5834992 1240832 88660
47.099998 5834992 1240832 88660
47.200001 5834992 1240832 88660
47.299999 5834992 1240832 88660
47.400002 5834992 1240832 88660
47.500000 5834992 1240832 88660
47.599998 5834992 1240832 88660
47.700001 5834992 1240832 88660
47.799999 5834992 1240832 88660
47.900002 5834992 1240832 88660
48.000000 5834992 1240832 88660
48.099998 5834992 1240832 88660
48.200001 5834992 1240832 88660
48.299999 5834740 1240832 88660
48.400002 5834740 1240832 88660
48.500000 5834740 1240832 88660
48.599998 5834740 1240832 88660
48.700001 5834740 1240832 88660
48.799999 5834740 1240832 88660
48.900002 5834740 1240832 88660
49.000000 5834740 1240832 88660
49.099998 5834740 1240832 88660
49.200001 5834740 1240832 88660
49.299999 5834740 1240832 88660
49.400002 5834740 1240832 88660
49.500000 5834740 1240832 88660
49.599998 5834740 1240832 88660
49.700001 5834740 1240832 88660
49.799999 5834740 1240832 88660
49.900002 5834740 1240832 88660
50.000000 5834740 1240832 88660
50.099998 5834740 1240832 88660
50.200001 5834740 1240832 88660
50.299999 5834740 1240832 88660
50.400002 5834740 1240832 88660
50.500000 5834740 1240832 88660
50.599998 5834740 1240832 88660
50.700001 5834740 1240832 88660
50.799999 5834708 1240832 88660
50.900002 5834708 1240832 88660
51.000000 5834708 1240832 88660
51.099998 5834708 1240832 88660
51.200001 5834708 1240832 88660
51.299999 5834708 1240832 88660
51.400002 5834708 1240832 88660
51.500000 5834708 1240832 88660
51.599998 5834708 1240832 88660
51.700001 5834708 1240832 88660
51.799999 5834708 1240832 88660
51.900002 5834708 1240832 88660
52.000000 5834708 1240832 88660
52.099998 5834708 1240832 88660
52.200001 5834700 1240832 88660
52.299999 5834700 1240832 88660
52.400002 5834700 1240832 88660
52.500000 5834700 1240832 88660
52.599998 5834700 1240832 88660
52.700001 5834700 1240832 88660
52.799999 5834700 1240832 88660
52.900002 5834700 1240832 88660
53.000000 5834700 1240832 88660
53.099998 5834700 1240832 88660
53.200001 5834700 1240832 88660
53.299999 5834700 1240832 88660
53.400002 5834700 1240832 88660
53.500000 5834700 1240832 88660
53.599998 5834700 1240832 88660
53.700001 5835052 1240832 88660
53.799999 5834700 1240832 88660
53.900002 5834700 1240832 88660
54.000000 5834700 1240832 88660
54.099998 5834700 1240832 88660
54.200001 5834700 1240832 88660
54.299999 5834700 1240832 88660
54.400002 5834700 1240832 88660
54.500000 5834700 1240832 88660
54.599998 5834700 1240832 88660
54.700001 5834700 1240832 88660
54.799999 5834700 1240832 88660
54.900002 5834700 1240832 88660
55.000000 5834700 1240832 88660
55.099998 5834700 1240832 88660
55.200001 5834700 1240832 88660
55.299999 5834700 1240832 88660
55.400002 5834700 1240832 88660
55.500000 5834700 1240832 88660
55.599998 5834700 1240832 88660
55.700001 5834700 1240832 88660
55.799999 5834700 1240832 88660
55.900002 5834700 1240832 88660
56.000000 5834700 1240832 88660
56.099998 5834700 1240832 88660
56.200001 5834700 1240832 88660
56.299999 5834700 1240832 88660
56.400002 5834700 1240832 88660
56.500000 5834700 1240832 88660
56.599998 5834700 1240832 88660
56.700001 5834700 1240832 88660
56.799999 5834732 1240832 88660
56.900002 5834732 1240832 88660
57.000000 5834732 1240832 88660
57.099998 5834732 1240832 88660
57.200001 5834732 1240832 88660
57.299999 5834732 1240832 88660
57.400002 5834732 1240832 88660
57.500000 5834732 1240832 88660
57.599998 5834732 1240832 88660
57.700001 5834732 1240832 88660
57.799999 5834732 1240832 88660
57.900002 5834732 1240832 88660
58.000000 5834732 1240832 88660
58.099998 5834732 1240832 88660
58.200001 5834732 1240832 88660
58.299999 5834732 1240832 88660
58.400002 5834732 1240832 88660
58.500000 5834732 1240832 88660
58.599998 5834732 1240832 88660
58.700001 5834732 1240832 88660
58.799999 5834732 1240832 88660
58.900002 5834732 1240832 88660
59.000000 5834732 1240832 88660
59.099998 5834732 1240832 88660
59.200001 5834732 1240832 88660
59.299999 5834732 1240832 88660
59.400002 5834732 1240832 88660
59.500000 5834732 1240832 88660
59.599998 5834732 1240832 88660
59.700001 5834732 1240832 88660
59.799999 5834732 1240832 88660
59.900002 5834732 1240832 88660
60.000000 5834732 1240832 88660
60.099998 5834732 1240832 88660
60.200001 5834732 1240832 88660
60.299999 5834480 1240832 88660
60.400002 5834480 1240832 88660
60.500000 5834480 1240832 88660
60.599998 5834480 1240832 88660
60.700001 5834512 1240832 88660
60.799999 5834512 1240832 88660
60.900002 5834512 1240832 88660
61.000000 5834512 1240832 88660
61.099998 5834512 1240832 88660
61.200001 5834512 1240832 88660
61.299999 5834512 1240832 88660
61.400002 5834512 1240832 88660
61.500000 5834260 1240832 88660
61.599998 5834260 1240832 88660
61.700001 5834260 1240832 88660
61.799999 5834260 1240832 88660
61.900002 5834260 1240832 88660
62.000000 5834260 1240832 88660
62.099998 5834260 1240832 88660
62.200001 5834260 1240832 88660
62.299999 5834260 1240832 88660
62.400002 5834260 1240832 88660
62.500000 5834260 1240832 88660
62.599998 5834260 1240832 88660
62.700001 5834260 1240832 88660
62.799999 5834260 1240832 88660
62.900002 5834260 1240832 88660
63.000000 5834260 1240832 88660
63.099998 5834260 1240832 88660
63.200001 5834260 1240832 88660
63.299999 5834260 1240832 88660
63.400002 5834260 1240832 88660
63.500000 5834260 1240832 88660
63.599998 5834260 1240832 88660
63.700001 5834260 1240832 88660
63.799999 5834260 1240832 88660
63.900002 5834260 1240832 88660
64.000000 5834260 1240832 88660
64.099998 5834260 1240832 88660
64.199997 5834260 1240832 88660
64.300003 5834260 1240832 88660
64.400002 5834260 1240832 88660
64.500000 5834260 1240832 88660
64.599998 5834260 1240832 88660
64.699997 5834260 1240832 88660
64.800003 5834260 1240832 88660
64.900002 5834260 1240832 88660
65.000000 5834256 1240832 88660
65.099998 5834256 1240832 88660
65.199997 5834004 1240832 88660
65.300003 5833972 1240832 88660
65.400002 5833972 1240832 88660
65.500000 5833972 1240832 88660
65.599998 5833972 1240832 88660
65.699997 5833972 1240832 88660
65.800003 5833972 1240832 88660
65.900002 5833972 1240832 88660
66.000000 5833972 1240832 88660
66.099998 5833972 1240832 88660
66.199997 5833972 1240832 88660
66.300003 5833972 1240832 88660
66.400002 5833972 1240832 88660
66.500000 5833972 1240832 88660
66.599998 5833972 1240832 88660
66.699997 5833972 1240832 88660
66.800003 5833972 1240832 88660
66.900002 5833972 1240832 88660
67.000000 5833972 1240832 88660
67.099998 5833972 1240832 88660
67.199997 5833972 1240832 88660
67.300003 5833972 1240832 88660
67.400002 5833972 1240832 88660
67.500000 5833972 1240832 88660
67.599998 5833972 1240832 88660
67.699997 5833972 1240832 88660
67.800003 5834224 1240832 88660
67.900002 5834224 1240832 88660
68.000000 5834224 1240832 88660
68.099998 5834476 1240832 88660
68.199997 5834476 1240832 88660
68.300003 5834476 1240832 88660
68.400002 5834476 1240832 88660
68.500000 5834476 1240832 88660
68.599998 5834476 1240832 88660
68.699997 5834476 1240832 88660
68.800003 5834476 1240832 88660
68.900002 5834476 1240832 88660
69.000000 5834476 1240832 88660
69.099998 5834476 1240832 88660
69.199997 5834476 1240832 88660
69.300003 5834476 1240832 88660
69.400002 5834476 1240832 88660
69.500000 5834476 1240832 88660
69.599998 5834224 1240832 88660
69.699997 5834224 1240832 88660
69.800003 5834224 1240832 88660
69.900002 5834224 1240832 88660
70.000000 5834224 1240832 88660
70.099998 5834224 1240832 88660
70.199997 5834192 1240832 88660
70.300003 5834192 1240832 88660
70.400002 5834192 1240832 88660
70.500000 5834192 1240832 88660
70.599998 5834192 1240832 88660
70.699997 5834192 1240832 88660
70.800003 5834192 1240832 88660
70.900002 5834192 1240832 88660
71.000000 5834192 1240832 88660
71.099998 5834192 1240832 88660
71.199997 5834192 1240832 88660
71.300003 5834192 1240832 88660
71.400002 5834192 1240832 88704
71.500000 5834192 1240832 88704
71.599998 5834192 1240832 88704
71.699997 5834192 1240832 88704
71.800003 5834192 1240832 88704
71.900002 5834192 1240832 88704
72.000000 5834192 1240832 88704
72.099998 5834192 1240832 88704
72.199997 5834192 1240832 88704
72.300003 5834192 1240832 88704
72.400002 5834192 1240832 88704
72.500000 5834192 1240832 88704
72.599998 5834192 1240832 88704
72.699997 5834192 1240832 88704
72.800003 5834192 1240832 88704
72.900002 5834192 1240832 88704
73.000000 5834224 1240832 88704
73.099998 5834224 1240832 88704
73.199997 5834224 1240832 88704
73.300003 5834224 1240832 88704
73.400002 5834224 1240832 88704
73.500000 5834224 1240832 88704
73.599998 5834008 1240832 88704
73.699997 5834008 1240832 88704
73.800003 5834008 1240832 88704
73.900002 5834008 1240832 88704
74.000000 5834008 1240832 88704
74.099998 5834260 1240832 88704
74.199997 5834260 1240832 88704
74.300003 5834260 1240832 88704
74.400002 5834260 1240832 88704
74.500000 5834260 1240832 88704
74.599998 5834260 1240832 88704
74.699997 5834260 1240832 88704
74.800003 5834260 1240832 88704
74.900002 5834260 1240832 88704
75.000000 5834260 1240832 88704
75.099998 5834260 1240832 88704
75.199997 5834260 1240832 88704
75.300003 5834260 1240832 88704
75.400002 5834260 1240832 88704
75.500000 5834260 1240832 88704
75.599998 5834260 1240832 88704
75.699997 5834260 1240832 88704
75.800003 5834260 1240832 88704
75.900002 5834260 1240832 88704
76.000000 5834260 1240832 88704
76.099998 5834260 1240832 88704
76.199997 5834260 1240832 88704
76.300003 5834260 1240832 88704
76.400002 5834260 1240832 88704
76.500000 5834260 1240832 88704
76.599998 5834260 1240832 88704
76.699997 5834260 1240832 88704
76.800003 5834260 1240832 88704
76.900002 5834260 1240832 88704
77.000000 5834260 1240832 88704
77.099998 5834260 1240832 88704
77.199997 5834256 1240832 88704
77.300003 5834256 1240832 88704
77.400002 5834256 1240832 88704
77.500000 5834256 1240832 88704
77.599998 5834256 1240832 88704
77.699997 5834256 1240832 88704
77.800003 5834256 1240832 88704
77.900002 5834256 1240832 88704
78.000000 5834256 1240832 88704
78.099998 5834256 1240832 88704
78.199997 5834256 1240832 88704
78.300003 5834256 1240832 88704
78.400002 5834256 1240832 88704
78.500000 5834256 1240832 88704
78.599998 5834256 1240832 88704
78.699997 5834256 1240832 88704
78.800003 5834256 1240832 88704
78.900002 5834256 1240832 88704
79.000000 5834256 1240832 88704
79.099998 5834256 1240832 88704
79.199997 5834256 1240832 88704
79.300003 5834256 1240832 88704
79.400002 5834256 1240832 88704
79.500000 5834256 1240832 88704
79.599998 5834256 1240832 88704
79.699997 5834256 1240832 88704
79.800003 5834256 1240832 88704
79.900002 5834256 1240832 88704
80.000000 5834256 1240832 88704
80.099998 5834256 1240832 88704
80.199997 5834256 1240832 88704
80.300003 5834256 1240832 88704
80.400002 5834256 1240832 88704
80.500000 5834256 1240832 88704
80.599998 5834256 1240832 88704
80.699997 5834256 1240832 88704
80.800003 5834256 1240832 88704
80.900002 5834256 1240832 88704
81.000000 5834256 1240832 88704
81.099998 5834256 1240832 88704
81.199997 5834256 1240832 88704
81.300003 5834256 1240832 88704
81.400002 5834256 1240832 88704
81.500000 5834256 1240832 88704
81.599998 5834256 1240832 88704
81.699997 5834256 1240832 88704
81.800003 5834256 1240832 88704
81.900002 5834256 1240832 88704
82.000000 5834256 1240832 88704
82.099998 5834256 1240832 88704
82.199997 5834256 1240832 88704
82.300003 5834256 1240832 88704
82.400002 5834256 1240832 88704
82.500000 5834256 1240832 88704
82.599998 5834256 1240832 88704
82.699997 5834256 1240832 88704
82.800003 5834256 1240832 88704
82.900002 5834256 1240832 88704
83.000000 5834256 1240832 88704
83.099998 5834256 1240832 88704
83.199997 5834256 1240832 88704
83.300003 5834256 1240832 88704
83.400002 5834256 1240832 88704
83.500000 5834256 1240832 88704
83.599998 5834256 1240832 88704
83.699997 5834608 1240832 88704
83.800003 5834256 1240832 88704
83.900002 5834256 1240832 88704
84.000000 5834256 1240832 88704
84.099998 5834256 1240832 88704
84.199997 5834256 1240832 88704
84.300003 5834256 1240832 88704
84.400002 5834256 1240832 88704
84.500000 5834256 1240832 88704
84.599998 5834256 1240832 88704
84.699997 5834256 1240832 88704
84.800003 5834256 1240832 88704
84.900002 5834256 1240832 88704
85.000000 5834256 1240832 88704
85.099998 5834252 1240832 88704
85.199997 5834252 1240832 88704
85.300003 5834256 1240832 88704
85.400002 5834256 1240832 88704
85.500000 5834256 1240832 88704
85.599998 5834256 1240832 88704
85.699997 5834256 1240832 88704
85.800003 5834256 1240832 88704
85.900002 5834256 1240832 88704
86.000000 5834256 1240832 88704
86.099998 5834256 1240832 88704
86.199997 5834256 1240832 88704
86.300003 5834288 1240832 88704
86.400002 5834288 1240832 88704
86.500000 5834288 1240832 88704
86.599998 5834288 1240832 88704
86.699997 5834288 1240832 88704
86.800003 5834288 1240832 88704
86.900002 5834288 1240832 88704
87.000000 5834288 1240832 88704
87.099998 5834288 1240832 88704
87.199997 5834288 1240832 88704
87.300003 5834288 1240832 88704
87.400002 5834288 1240832 88704
87.500000 5834288 1240832 88704
87.599998 5834288 1240832 88704
87.699997 5834288 1240832 88704
87.800003 5834288 1240832 88704
87.900002 5834288 1240832 88704
88.000000 5834288 1240832 88704
88.099998 5834288 1240832 88704
88.199997 5834288 1240832 88704
88.300003 5834288 1240832 88704
88.400002 5834288 1240832 88704
88.500000 5834288 1240832 88704
88.599998 5834288 1240832 88704
88.699997 5834288 1240832 88704
88.800003 5834288 1240832 88704
88.900002 5834288 1240832 88704
89.000000 5834320 1240832 88704
89.099998 5834320 1240832 88704
89.199997 5834320 1240832 88704
89.300003 5834320 1240832 88704
89.400002 5834320 1240832 88704
89.500000 5834320 1240832 88704
89.599998 5834320 1240832 88704
89.699997 5834320 1240832 88704
89.800003 5834320 1240832 88704
89.900002 5834320 1240832 88704
90.000000 5834320 1240832 88708
90.099998 5834320 1240832 88708
90.199997 5834316 1240832 88708
90.300003 5834316 1240832 88708
90.400002 5834316 1240832 88708
90.500000 5834316 1240832 88708
90.599998 5834316 1240832 88708
90.699997 5834316 1240832 88708
90.800003 5834316 1240832 88708
90.900002 5834316 1240832 88708
91.000000 5834316 1240832 88708
91.099998 5834316 1240832 88708
91.199997 5834316 1240832 88708
91.300003 5834316 1240832 88708
91.400002 5834316 1240832 88708
91.500000 5834316 1240832 88708
91.599998 5834316 1240832 88708
91.699997 5834316 1240832 88708
91.800003 5834316 1240832 88708
91.900002 5834316 1240832 88708
92.000000 5834316 1240832 88708
92.099998 5834316 1240832 88708
92.199997 5834568 1240832 88708
92.300003 5834568 1240832 88708
92.400002 5834568 1240832 88708
92.500000 5834568 1240832 88708
92.599998 5834920 1240832 88708
92.699997 5834568 1240832 88708
92.800003 5834568 1240832 88708
92.900002 5834568 1240832 88708
93.000000 5834568 1240832 88708
93.099998 5834568 1240832 88708
93.199997 5834568 1240832 88708
93.300003 5834568 1240832 88708
93.400002 5834568 1240832 88708
93.500000 5834568 1240832 88708
93.599998 5834568 1240832 88708
93.699997 5834568 1240832 88708
93.800003 5834568 1240832 88708
93.900002 5834568 1240832 88708
94.000000 5834504 1240832 88708
94.099998 5834504 1240832 88708
94.199997 5834504 1240832 88708
94.300003 5834504 1240832 88708
94.400002 5834504 1240832 88708
94.500000 5834504 1240832 88708
94.599998 5834504 1240832 88708
94.699997 5834504 1240832 88708
94.800003 5834504 1240832 88708
94.900002 5834504 1240832 88708
95.000000 5834504 1240832 88708
95.099998 5834504 1240832 88708
95.199997 5834504 1240832 88708
95.300003 5834504 1240832 88708
95.400002 5834504 1240832 88708
95.500000 5834504 1240832 88708
95.599998 5834504 1240832 88708
95.699997 5834504 1240832 88708
95.800003 5834504 1240832 88708
95.900002 5834504 1240832 88708
96.000000 5834504 1240832 88708
96.099998 5834504 1240832 88708
96.199997 5834504 1240832 88708
96.300003 5834756 1240832 88708
96.400002 5834756 1240832 88708
96.500000 5834756 1240832 88708
96.599998 5834756 1240832 88708
96.699997 5834756 1240832 88708
96.800003 5834756 1240832 88708
96.900002 5834724 1240832 88708
97.000000 5834724 1240832 88708
97.099998 5834724 1240832 88708
97.199997 5834724 1240832 88708
97.300003 5834724 1240832 88708
97.400002 5834724 1240832 88708
97.500000 5834724 1240832 88708
97.599998 5834724 1240832 88708
97.699997 5834724 1240832 88708
97.800003 5834724 1240832 88708
97.900002 5834724 1240832 88708
98.000000 5834724 1240832 88708
98.099998 5834724 1240832 88708
98.199997 5834724 1240832 88708
98.300003 5834724 1240832 88708
98.400002 5834724 1240832 88708
98.500000 5834724 1240832 88708
98.599998 5835076 1240832 88708
98.699997 5834724 1240832 88708
98.800003 5834724 1240832 88708
98.900002 5834724 1240832 88708
99.000000 5834724 1240832 88708
99.099998 5834724 1240832 88708
99.199997 5834724 1240832 88708
99.300003 5834724 1240832 88708
99.400002 5834724 1240832 88708
99.500000 5834724 1240832 88708
99.599998 5834724 1240832 88708
99.699997 5834724 1240832 88708
99.800003 5834724 1240832 88708
99.900002 5834724 1240832 88708
100.000000 5834724 1240832 88708
100.099998 5834724 1240832 88708
100.199997 5834724 1240832 88708
100.300003 5834724 1240832 88708
100.400002 5834724 1240832 88708
100.500000 5834724 1240832 88708
100.599998 5834724 1240832 88708
100.699997 5834724 1240832 88708
100.800003 5834724 1240832 88708
100.900002 5834724 1240832 88708
101.000000 5834724 1240832 88708
101.099998 5834724 1240832 88708
101.199997 5834724 1240832 88708
101.300003 5834724 1240832 88708
101.400002 5834724 1240832 88708
101.500000 5834724 1240832 88708
101.599998 5835076 1240832 88708
101.699997 5834724 1240832 88708
101.800003 5834724 1240832 88708
101.900002 5834724 1240832 88708
102.000000 5834724 1240832 88708
102.099998 5834724 1240832 88708
102.199997 5834756 1240832 88708
102.300003 5834756 1240832 88708
102.400002 5834756 1240832 88708
102.500000 5834756 1240832 88708
102.599998 5834756 1240832 88708
102.699997 5834756 1240832 88708
102.800003 5834756 1240832 88708
102.900002 5834756 1240832 88708
103.000000 5834756 1240832 88708
103.099998 5834756 1240832 88708
103.199997 5834720 1240832 88708
103.300003 5834720 1240832 88708
103.400002 5834688 1240832 88708
103.500000 5834688 1240832 88708
103.599998 5834688 1240832 88708
103.699997 5834688 1240832 88708
103.800003 5834688 1240832 88708
103.900002 5834688 1240832 88708
104.000000 5834688 1240832 88708
104.099998 5834688 1240832 88708
104.199997 5834688 1240832 88708
104.300003 5834688 1240832 88708
104.400002 5834688 1240832 88708
104.500000 5834688 1240832 88708
104.599998 5835008 1240832 88708
104.699997 5834656 1240832 88708
104.800003 5834656 1240832 88708
104.900002 5834656 1240832 88708
105.000000 5834656 1240832 88708
105.099998 5834656 1240832 88708
105.199997 5834656 1240832 88708
105.300003 5834688 1240832 88708
105.400002 5834688 1240832 88708
105.500000 5834688 1240832 88708
105.599998 5834688 1240832 88708
105.699997 5834688 1240832 88708
105.800003 5834688 1240832 88708
105.900002 5834688 1240832 88708
106.000000 5834688 1240832 88708
106.099998 5834688 1240832 88708
106.199997 5834688 1240832 88708
106.300003 5834720 1240832 88708
106.400002 5834720 1240832 88708
106.500000 5834720 1240832 88708
106.599998 5834720 1240832 88708
106.699997 5834720 1240832 88708
106.800003 5834720 1240832 88708
106.900002 5834720 1240832 88708
107.000000 5834720 1240832 88708
107.099998 5834720 1240832 88708
107.199997 5834720 1240832 88708
107.300003 5834720 1240832 88708
107.400002 5834720 1240832 88708
107.500000 5834720 1240832 88708
107.599998 5835072 1240832 88708
107.699997 5834720 1240832 88708
107.800003 5834720 1240832 88708
107.900002 5834720 1240832 88708
108.000000 5834720 1240832 88708
108.099998 5834720 1240832 88708
108.199997 5834720 1240832 88708
108.300003 5834720 1240832 88708
108.400002 5834720 1240832 88708
108.500000 5834720 1240832 88708
108.599998 5834720 1240832 88708
108.699997 5834720 1240832 88708
108.800003 5834720 1240832 88708
108.900002 5834720 1240832 88708
109.000000 5834720 1240832 88708
109.099998 5834688 1240832 88708
109.199997 5834688 1240832 88708
109.300003 5834688 1240832 88708
109.400002 5834688 1240832 88708
109.500000 5834688 1240832 88708
109.599998 5834688 1240832 88708
109.699997 5834688 1240832 88708
109.800003 5834688 1240832 88708
109.900002 5834688 1240832 88708
110.000000 5834720 1240832 88708
110.099998 5834720 1240832 88708
110.199997 5834720 1240832 88708
110.300003 5834720 1240832 88708
110.400002 5834720 1240832 88708
110.500000 5834720 1240832 88708
110.599998 5835072 1240832 88708
110.699997 5834720 1240832 88708
110.800003 5834720 1240832 88708
110.900002 5834720 1240832 88708
111.000000 5834720 1240832 88708
111.099998 5834720 1240832 88708
111.199997 5834720 1240832 88708
111.300003 5834720 1240832 88708
111.400002 5834720 1240832 88708
111.500000 5834720 1240832 88708
111.599998 5834720 1240832 88708
111.699997 5834720 1240832 88708
111.800003 5834720 1240832 88708
111.900002 5834720 1240832 88708
112.000000 5834720 1240832 88708
112.099998 5834720 1240832 88708
112.199997 5834720 1240832 88708
112.300003 5834720 1240832 88708
112.400002 5834720 1240832 88708
112.500000 5834720 1240832 88708
112.599998 5834720 1240832 88708
112.699997 5834720 1240832 88708
112.800003 5834720 1240832 88708
112.900002 5834720 1240832 88708
113.000000 5834720 1240832 88708
113.099998 5834720 1240832 88708
113.199997 5834688 1240832 88708
113.300003 5834688 1240832 88708
113.400002 5834688 1240832 88708
113.500000 5834688 1240832 88708
113.599998 5835040 1240832 88708
113.699997 5835040 1240832 88708
113.800003 5834688 1240832 88708
113.900002 5834688 1240832 88708
114.000000 5834656 1240832 88708
114.099998 5834656 1240832 88708
114.199997 5834656 1240832 88708
114.300003 5834656 1240832 88708
114.400002 5834656 1240832 88708
114.500000 5834656 1240832 88708
114.599998 5834656 1240832 88708
114.699997 5834656 1240832 88708
114.800003 5834008 1240832 88708
114.900002 5834008 1240832 88708
115.000000 5833976 1240832 88708
115.099998 5833976 1240832 88708
115.199997 5833976 1240832 88708
115.300003 5833864 1240832 88708
115.400002 5833864 1240832 88708
115.500000 5833864 1240832 88708
115.599998 5833864 1240832 88708
115.699997 5833864 1240832 88708
115.800003 5833612 1240832 88708
115.900002 5833612 1240832 88708
116.000000 5833612 1240832 88708
116.099998 5833612 1240832 88708
116.199997 5833612 1240832 88708
116.300003 5833864 1240832 88708
116.400002 5833864 1240832 88708
116.500000 5833864 1240832 88708
116.599998 5834216 1240832 88708
116.699997 5833864 1240832 88708
116.800003 5833864 1240832 88708
116.900002 5833864 1240832 88708
117.000000 5833864 1240832 88708
117.099998 5833864 1240832 88708
117.199997 5833864 1240832 88708
117.300003 5833864 1240832 88708
117.400002 5833864 1240832 88708
117.500000 5833864 1240832 88708
117.599998 5833864 1240832 88708
117.699997 5833864 1240832 88708
117.800003 5833864 1240832 88708
117.900002 5833864 1240832 88708
118.000000 5833832 1240832 88708
118.099998 5833832 1240832 88708
118.199997 5833832 1240832 88708
118.300003 5833832 1240832 88708
118.400002 5833832 1240832 88708
118.500000 5833832 1240832 88708
118.599998 5833832 1240832 88708
118.699997 5833832 1240832 88708
118.800003 5833832 1240832 88708
118.900002 5833832 1240832 88708
119.000000 5833832 1240832 88708
119.099998 5833832 1240832 88708
119.199997 5833832 1240832 88708
119.300003 5833832 1240832 88708
119.400002 5833832 1240832 88708
119.500000 5833832 1240832 88708
119.599998 5834184 1240832 88708
119.699997 5833832 1240832 88708
119.800003 5833832 1240832 88708
119.900002 5833832 1240832 88708
120.000000 5833832 1240832 88708
