0.000000 5958828 1138256 284240
0.100000 5958844 1138256 284240
0.200000 5958844 1138256 284240
0.300000 5958844 1138256 284240
0.400000 5958844 1138256 284240
0.500000 5958844 1138256 284240
0.600000 5958844 1138256 284240
0.700000 5958844 1138256 284240
0.800000 5958844 1138256 284240
0.900000 5958592 1138256 284240
1.000000 5958592 1138256 284240
1.100000 5958592 1138256 284240
1.200000 5958592 1138256 284240
1.300000 5958592 1138256 284240
1.400000 5958592 1138256 284240
1.500000 5958592 1138256 284240
1.600000 5958592 1138256 284240
1.700000 5958592 1138256 284240
1.800000 5958592 1138256 284240
1.900000 5958592 1138256 284240
2.000000 5958592 1138256 284240
2.100000 5958592 1138256 284240
2.200000 5958592 1138256 284240
2.300000 5958592 1138256 284240
2.400000 5958592 1138256 284240
2.500000 5958592 1138256 284240
2.600000 5958592 1138256 284240
2.700000 5958340 1138256 284240
2.800000 5958340 1138256 284240
2.900000 5958340 1138256 284240
3.000000 5958340 1138256 284240
3.100000 5958340 1138256 284240
3.200000 5958340 1138256 284240
3.300000 5958340 1138256 284240
3.400000 5958340 1138256 284240
3.500000 5958340 1138256 284240
3.600000 5958340 1138256 284240
3.700000 5958340 1138256 284240
3.800000 5958340 1138256 284240
3.900000 5958340 1138256 284240
4.000000 5958340 1138256 284240
4.100000 5958340 1138256 284240
4.200000 5958340 1138256 284240
4.300000 5958340 1138256 284240
4.400000 5958340 1138256 284240
4.500000 5958340 1138256 284240
4.600000 5958340 1138256 284240
4.700000 5958340 1138256 284240
4.800000 5958340 1138256 284240
4.900000 5958340 1138256 284240
5.000000 5958372 1138256 284240
5.100000 5958372 1138256 284240
5.200000 5958372 1138256 284240
5.300000 5958372 1138256 284240
5.400000 5958372 1138256 284240
5.500000 5958372 1138256 284240
5.600000 5958372 1138256 284240
5.700000 5958120 1138256 284240
5.800000 5958120 1138256 284240
5.900000 5958120 1138256 284240
6.000000 5958120 1138256 284240
6.100000 5958120 1138256 284240
6.200000 5958120 1138256 284240
6.300000 5958120 1138256 284240
6.400000 5958120 1138256 284240
6.500000 5958120 1138256 284240
6.600000 5958120 1138256 284240
6.700000 5958120 1138256 284240
6.800000 5958120 1138256 284240
6.900000 5958120 1138256 284240
7.000000 5957988 1138256 284240
7.100000 5957988 1138256 284240
7.200000 5957988 1138256 284240
7.300000 5957988 1138256 284240
7.400000 5957988 1138256 284240
7.500000 5957988 1138256 284240
7.600000 5957988 1138256 284240
7.700000 5957988 1138256 284240
7.800000 5957956 1138256 284240
7.900000 5957956 1138256 284240
8.000000 5957956 1138256 284240
8.100000 5957956 1138256 284240
8.200000 5957956 1138256 284240
8.300000 5957956 1138256 284240
8.400000 5957956 1138256 284240
8.500000 5957956 1138256 284240
8.600000 5957956 1138256 284240
8.700000 5957956 1138256 284240
8.800000 5957704 1138256 284240
8.900000 5957704 1138256 284240
9.000000 5957704 1138256 284240
9.100000 5957704 1138256 284240
9.200000 5957704 1138256 284240
9.300000 5957704 1138256 284240
9.400000 5957704 1138256 284240
9.500000 5957704 1138256 284240
9.600000 5957704 1138256 284240
9.700000 5957704 1138256 284240
9.800000 5957704 1138256 284240
9.900000 5957704 1138256 284240
10.000000 5957704 1138256 284240
10.100000 5957736 1138256 284240
10.200000 5957736 1138256 284240
10.300000 5957736 1138256 284240
10.400000 5957736 1138256 284240
10.500000 5957736 1138256 284240
10.600000 5957736 1138256 284240
10.700000 5957720 1138256 284240
10.800000 5957720 1138256 284240
10.900000 5957720 1138256 284240
11.000000 5957720 1138256 284240
11.100000 5957720 1138256 284240
11.200000 5957720 1138256 284240
11.300000 5957720 1138256 284240
11.400000 5957720 1138256 284240
11.500000 5957720 1138256 284240
11.600000 5957720 1138256 284240
11.700000 5957688 1138256 284240
11.800000 5957688 1138256 284240
11.900000 5957688 1138256 284240
12.000000 5957688 1138256 284240
12.100000 5957688 1138256 284240
12.200000 5957688 1138256 284240
12.300000 5957688 1138256 284240
12.400000 5957688 1138256 284240
12.500000 5957688 1138256 284240
12.600000 5957688 1138256 284240
12.700000 5957688 1138256 284240
12.800000 5957688 1138256 284240
12.900000 5957684 1138256 284240
13.000000 5957684 1138256 284240
13.100000 5957684 1138256 284240
13.200000 5957684 1138256 284240
13.300000 5957684 1138256 284240
13.400000 5957684 1138256 284240
13.500000 5957684 1138256 284240
13.600000 5957684 1138256 284240
13.700000 5957684 1138256 284240
13.800000 5957684 1138256 284240
13.900000 5957684 1138256 284240
14.000000 5957692 1138256 284240
14.100000 5957692 1138256 284240
14.200000 5957692 1138256 284240
14.300000 5957692 1138256 284240
14.400000 5957692 1138256 284240
14.500000 5957692 1138256 284240
14.600000 5957692 1138256 284240
14.700000 5957692 1138256 284240
14.800000 5957692 1138256 284240
14.900000 5957692 1138256 284240
15.000000 5957692 1138256 284240
15.100000 5957692 1138256 284240
15.200000 5957692 1138256 284240
15.300000 5957692 1138256 284240
15.400000 5957692 1138256 284240
15.500000 5957692 1138256 284240
15.600000 5957692 1138256 284240
15.700000 5957692 1138256 284240
15.800000 5957692 1138256 284240
15.900000 5957692 1138256 284240
16.000000 5957692 1138256 284240
16.100000 5957692 1138256 284240
16.200001 5957692 1138256 284240
16.299999 5957692 1138256 284240
16.400000 5957692 1138256 284240
16.500000 5957692 1138256 284240
16.600000 5957692 1138256 284240
16.700001 5957692 1138256 284240
16.799999 5957692 1138256 284240
16.900000 5957692 1138256 284240
17.000000 5957408 1138256 284240
17.100000 5957408 1138256 284240
17.200001 5957408 1138256 284240
17.299999 5957408 1138256 284240
17.400000 5957408 1138256 284240
17.500000 5957408 1138256 284240
17.600000 5957408 1138256 284240
17.700001 5957408 1138256 284240
17.799999 5957408 1138256 284240
17.900000 5957408 1138256 284240
18.000000 5957408 1138256 284240
18.100000 5957408 1138256 284240
18.200001 5957760 1138256 284240
18.299999 5957408 1138256 284240
18.400000 5957408 1138256 284240
18.500000 5957408 1138256 284240
18.600000 5957408 1138256 284240
18.700001 5957408 1138256 284240
18.799999 5957408 1138256 284240
18.900000 5957408 1138256 284240
19.000000 5957408 1138256 284240
19.100000 5957408 1138256 284240
19.200001 5957408 1138256 284240
19.299999 5957408 1138256 284240
19.400000 5957408 1138256 284240
19.500000 5957408 1138256 284240
19.600000 5957408 1138256 284240
19.700001 5957156 1138256 284240
19.799999 5957156 1138256 284240
19.900000 5957156 1138256 284240
20.000000 5957156 1138256 284240
20.100000 5957408 1138256 284240
20.200001 5957408 1138256 284240
20.299999 5957408 1138256 284240
20.400000 5957408 1138256 284240
20.500000 5957408 1138256 284240
20.600000 5957408 1138256 284240
20.700001 5957408 1138256 284240
20.799999 5957408 1138256 284240
20.900000 5957408 1138256 284240
21.000000 5957408 1138256 284240
21.100000 5957408 1138256 284240
21.200001 5957408 1138256 284240
21.299999 5957408 1138256 284240
21.400000 5957408 1138256 284240
21.500000 5957408 1138256 284240
21.600000 5957408 1138256 284240
21.700001 5957408 1138256 284240
21.799999 5957408 1138256 284240
21.900000 5957408 1138256 284240
22.000000 5957408 1138256 284240
22.100000 5957408 1138256 284240
22.200001 5957408 1138256 284240
22.299999 5957408 1138256 284240
22.400000 5957408 1138256 284240
22.500000 5957408 1138256 284240
22.600000 5957408 1138256 284240
22.700001 5957408 1138256 284240
22.799999 5957408 1138256 284240
22.900000 5957408 1138256 284240
23.000000 5957408 1138256 284240
23.100000 5957408 1138256 284240
23.200001 5957408 1138256 284240
23.299999 5957408 1138256 284240
23.400000 5957408 1138256 284240
23.500000 5957408 1138256 284240
23.600000 5957408 1138256 284240
23.700001 5957408 1138256 284240
23.799999 5957408 1138256 284240
23.900000 5957408 1138256 284240
24.000000 5957408 1138256 284240
24.100000 5957408 1138256 284240
24.200001 5957760 1138256 284240
24.299999 5957408 1138256 284240
24.400000 5957408 1138256 284240
24.500000 5957408 1138256 284240
24.600000 5957408 1138256 284240
24.700001 5957408 1138256 284240
24.799999 5957408 1138256 284240
24.900000 5957408 1138256 284240
25.000000 5957408 1138256 284240
25.100000 5957408 1138256 284240
25.200001 5957440 1138256 284240
25.299999 5957440 1138256 284240
25.400000 5957440 1138256 284240
25.500000 5957440 1138256 284240
25.600000 5957440 1138256 284240
25.700001 5957440 1138256 284240
25.799999 5957452 1138256 284240
25.900000 5957452 1138256 284240
26.000000 5957452 1138256 284240
26.100000 5957452 1138256 284240
26.200001 5957452 1138256 284240
26.299999 5957452 1138256 284240
26.400000 5957452 1138256 284240
26.500000 5957452 1138256 284240
26.600000 5957452 1138256 284240
26.700001 5957452 1138256 284240
26.799999 5957452 1138256 284240
26.900000 5957420 1138256 284240
27.000000 5957420 1138256 284240
27.100000 5957388 1138256 284240
27.200001 5957740 1138256 284240
27.299999 5957388 1138256 284240
27.400000 5957388 1138256 284240
27.500000 5957388 1138256 284240
27.600000 5957388 1138256 284240
27.700001 5957388 1138256 284240
27.799999 5957388 1138256 284240
27.900000 5957388 1138256 284240
28.000000 5957388 1138256 284240
28.100000 5957388 1138256 284240
28.200001 5957388 1138256 284240
28.299999 5957388 1138256 284240
28.400000 5957388 1138256 284240
28.500000 5957388 1138256 284240
28.600000 5957388 1138256 284240
28.700001 5957388 1138256 284240
28.799999 5957388 1138256 284240
28.900000 5957388 1138256 284240
29.000000 5957420 1138256 284240
29.100000 5957420 1138256 284240
29.200001 5957420 1138256 284240
29.299999 5957388 1138256 284240
29.400000 5957388 1138256 284240
29.500000 5957388 1138256 284240
29.600000 5957388 1138256 284240
29.700001 5957388 1138256 284240
29.799999 5957388 1138256 284240
29.900000 5957388 1138256 284240
30.000000 5960456 1138256 284240
30.100000 5958228 1138512 283384
30.200001 5952304 1142608 274952
30.299999 5945320 1151568 265368
30.400000 5939096 1162320 253644
30.500000 5929648 1171792 237484
30.600000 5922688 1180496 223564
30.700001 5917288 1185104 218648
30.799999 5917236 1185104 218168
30.900000 5910756 1190480 212416
31.000000 5906992 1196112 205708
31.100000 5897344 1206588 189084
31.200001 5886452 1212496 156824
31.299999 5877180 1219920 133064
31.400000 5866992 1228624 104568
31.500000 5855556 1239888 91356
31.600000 5851724 1242960 86748
31.700001 5851756 1242960 86960
31.799999 5851200 1242960 87300
31.900000 5849968 1242448 87548
32.000000 5849832 1242192 88028
32.099998 5849780 1240912 89276
32.200001 5850080 1239888 90244
32.299999 5849888 1238352 91656
32.400002 5850164 1241344 88636
32.500000 5850160 1240064 89560
32.599998 5850204 1238016 90960
32.700001 5850228 1241344 87184
32.799999 5850160 1239552 89020
32.900002 5849740 1237504 90752
33.000000 5849544 1238640 89572
33.099998 5849976 1237872 90672
33.200001 5850456 1242880 85540
33.299999 5849476 1242112 86588
33.400002 5849232 1241856 86612
33.500000 5849232 1241856 86612
33.599998 5849236 1241856 86808
33.700001 5849236 1241856 86808
33.799999 5849252 1241856 86808
33.900002 5849724 1241856 86976
34.000000 5849740 1241856 87060
34.099998 5849724 1241600 87288
34.200001 5849724 1241600 87392
34.299999 5849472 1241600 87392
34.400002 5849192 1241344 87500
34.500000 5849192 1241344 87508
34.599998 5849072 1240064 88600
34.700001 5849364 1240064 88604
34.799999 5849376 1240064 88624
34.900002 5849376 1240064 88624
35.000000 5849764 1239808 88760
35.099998 5849764 1239808 88760
35.200001 5849776 1239808 88772
35.299999 5849776 1239808 88772
35.400002 5849780 1239808 88948
35.500000 5849780 1239808 88948
35.599998 5849780 1239808 88948
35.700001 5849780 1239808 88960
35.799999 5849632 1239808 89132
35.900002 5849780 1239808 89132
36.000000 5849744 1239552 89168
36.099998 5849736 1239552 89168
36.200001 5850088 1239296 89348
36.299999 5849552 1239296 89348
36.400002 5849608 1239296 89384
36.500000 5849608 1239296 89384
36.599998 5849424 1238784 89392
36.700001 5849620 1238784 89392
36.799999 5849488 1238784 89560
36.900002 5849536 1238784 89588
37.000000 5849536 1238784 89588
37.099998 5849400 1238528 89604
37.200001 5849400 1238528 89604
37.299999 5849220 1238016 90072
37.400002 5849220 1238016 90072
37.500000 5848756 1237760 90472
37.599998 5848756 1237760 90472
37.700001 5848756 1237760 90480
37.799999 5848504 1237760 90636
37.900002 5849236 1237760 90636
38.000000 5849236 1237760 90636
38.099998 5849236 1237760 90640
38.200001 5849236 1237760 90640
38.299999 5849236 1237760 90640
38.400002 5849236 1237760 90640
38.500000 5849224 1237760 90660
38.599998 5849224 1237760 90660
38.700001 5849196 1237760 90672
38.799999 5849236 1237760 90672
38.900002 5849236 1237760 90860
39.000000 5849236 1237760 90860
39.099998 5849236 1237760 90880
39.200001 5849584 1237760 90880
39.299999 5849236 1238272 90284
39.400002 5849236 1238272 90284
39.500000 5849156 1238272 90456
39.599998 5849156 1238272 90456
39.700001 5849164 1238272 90460
39.799999 5849156 1238272 90460
39.900002 5849156 1238272 90460
40.000000 5849156 1238272 90460
40.099998 5849156 1238272 90460
40.200001 5849156 1238272 90460
40.299999 5849152 1238272 90460
40.400002 5849152 1238272 90460
40.500000 5849156 1238272 90460
40.599998 5849156 1238272 90460
40.700001 5849156 1238272 90464
40.799999 5849156 1238272 90464
40.900002 5849152 1238272 90464
41.000000 5849152 1238272 90464
41.099998 5849136 1238272 90464
41.200001 5849136 1238272 90464
41.299999 5849132 1238272 90464
41.400002 5849132 1238272 90464
41.500000 5849132 1238272 90464
41.599998 5849156 1238272 90464
41.700001 5849180 1238272 90464
41.799999 5849156 1238272 90464
41.900002 5848936 1238272 90464
42.000000 5848936 1238272 90464
42.099998 5848936 1238272 90464
42.200001 5849288 1238272 90476
42.299999 5848936 1238272 90476
42.400002 5848928 1238272 90476
42.500000 5848928 1238272 90476
42.599998 5848936 1238272 90480
42.700001 5848936 1238272 90480
42.799999 5848932 1238272 90480
42.900002 5848936 1238272 90480
43.000000 5848936 1238272 90480
43.099998 5848608 1238016 90528
43.200001 5848784 1238016 90700
43.299999 5848784 1238016 90700
43.400002 5848732 1238016 90700
43.500000 5848732 1238016 90700
43.599998 5848552 1238272 90680
43.700001 5848552 1238272 90680
43.799999 5848564 1238272 90696
43.900002 5848972 1238272 90708
44.000000 5849012 1239272 89588
44.099998 5849020 1239272 89588
44.200001 5849012 1239272 89588
44.299999 5849012 1239272 89588
44.400002 5849004 1239016 89592
44.500000 5849004 1239016 89592
44.599998 5849020 1239016 89592
44.700001 5848768 1239016 89620
44.799999 5848768 1239016 89620
44.900002 5848748 1239016 89620
45.000000 5848752 1239016 89620
45.099998 5848752 1239016 89780
45.200001 5849116 1239016 89968
45.299999 5848756 1239016 89968
45.400002 5848772 1239016 89972
45.500000 5848772 1239016 89972
45.599998 5848776 1239016 89972
45.700001 5848776 1239016 89972
45.799999 5848764 1239016 89972
45.900002 5848764 1239016 89972
46.000000 5848704 1239016 89972
46.099998 5848704 1239016 89972
46.200001 5848712 1239016 90136
46.299999 5848712 1239016 90140
46.400002 5848700 1239016 90140
46.500000 5848700 1239016 90140
46.599998 5848712 1239016 90140
46.700001 5848712 1239016 90140
46.799999 5848708 1239016 90140
46.900002 5848716 1239016 90140
47.000000 5848764 1238504 90536
47.099998 5848868 1239744 89112
47.200001 5848560 1239488 89532
47.299999 5848628 1239232 89840
47.400002 5848192 1238208 90628
47.500000 5848196 1238208 90632
47.599998 5848196 1238208 90632
47.700001 5848180 1238208 90780
47.799999 5847928 1238208 90780
47.900002 5847916 1238208 90780
48.000000 5848416 1238208 90780
48.099998 5848412 1238208 90780
48.200001 5848764 1238208 90780
48.299999 5848416 1238208 90780
48.400002 5848416 1238208 90780
48.500000 5848408 1237952 90780
48.599998 5848408 1237952 90780
48.700001 5848396 1237952 90780
48.799999 5848396 1237952 90780
48.900002 5848412 1237952 90780
49.000000 5848384 1237952 90780
49.099998 5848368 1237952 90780
49.200001 5848368 1237952 90780
49.299999 5848528 1241040 87792
49.400002 5848528 1241040 87792
49.500000 5848528 1241040 87792
49.599998 5848528 1241040 87792
49.700001 5848524 1241040 87944
49.799999 5847944 1241040 87944
49.900002 5847932 1241040 87944
50.000000 5847932 1241040 87944
50.099998 5847936 1241040 87948
50.200001 5847936 1241040 87948
50.299999 5848176 1241040 87948
50.400002 5848176 1241040 87948
50.500000 5848192 1241040 87952
50.599998 5848160 1241040 87952
50.700001 5848152 1241040 87952
50.799999 5848152 1241040 87952
50.900002 5848160 1241040 87952
51.000000 5848160 1241040 87952
51.099998 5848160 1241040 87952
51.200001 5848512 1241040 87952
51.299999 5848156 1241040 87952
51.400002 5848156 1241040 87952
51.500000 5848156 1241040 87952
51.599998 5848156 1241040 87952
51.700001 5848156 1241040 87952
51.799999 5848156 1241040 87952
51.900002 5848156 1241040 87952
52.000000 5848156 1241040 87952
52.099998 5848156 1241040 87952
52.200001 5848156 1241040 87952
52.299999 5848156 1241040 87952
52.400002 5848128 1241040 87952
52.500000 5848128 1241040 87952
52.599998 5848128 1241040 87952
52.700001 5848128 1241040 87952
52.799999 5848128 1241040 87952
52.900002 5848128 1241040 87952
53.000000 5848120 1241040 87952
53.099998 5848120 1241040 87952
53.200001 5848120 1241040 87952
53.299999 5848132 1241040 87956
53.400002 5848140 1241040 87956
53.500000 5848140 1241040 87956
53.599998 5848144 1241040 87960
53.700001 5848144 1241040 87960
53.799999 5848144 1241040 87960
53.900002 5848124 1241040 87960
54.000000 5848124 1241040 87960
54.099998 5848124 1241040 87960
54.200001 5848468 1241040 87960
54.299999 5848116 1241040 87960
54.400002 5848116 1241040 87960
54.500000 5848116 1241040 87960
54.599998 5848112 1241040 87960
54.700001 5848112 1241040 87960
54.799999 5848104 1241040 87960
54.900002 5848128 1241040 87960
55.000000 5848124 1241040 87960
55.099998 5848124 1241040 87960
55.200001 5848124 1241040 87960
55.299999 5848124 1241040 87960
55.400002 5848124 1241040 87960
55.500000 5848124 1241040 87960
55.599998 5848116 1241040 88116
55.700001 5848116 1241040 88116
55.799999 5848124 1241040 88116
55.900002 5848124 1241040 88116
56.000000 5848120 1240784 88116
56.099998 5848120 1240784 88116
56.200001 5848128 1240784 88120
56.299999 5848128 1240784 88120
56.400002 5848128 1240784 88120
56.500000 5848128 1240784 88120
56.599998 5848128 1240784 88120
56.700001 5848128 1240784 88120
56.799999 5848124 1240784 88120
56.900002 5848160 1240784 88120
57.000000 5848156 1240784 88120
57.099998 5848160 1240784 88120
57.200001 5848512 1240784 88120
57.299999 5848160 1240784 88120
57.400002 5848156 1240784 88120
57.500000 5848160 1240784 88120
57.599998 5848160 1240784 88120
57.700001 5848160 1240784 88124
57.799999 5848160 1240784 88124
57.900002 5848160 1240784 88124
58.000000 5848160 1240784 88124
58.099998 5848160 1240784 88124
58.200001 5848160 1240784 88124
58.299999 5848160 1240784 88124
58.400002 5848160 1240784 88124
58.500000 5848160 1240784 88124
58.599998 5848160 1240784 88124
58.700001 5848172 1240784 88124
58.799999 5848172 1240784 88124
58.900002 5847908 1240784 88128
59.000000 5847908 1240784 88128
59.099998 5847904 1240784 88128
59.200001 5847904 1240784 88128
59.299999 5847904 1240784 88132
59.400002 5847904 1240784 88132
59.500000 5847904 1240784 88132
59.599998 5847904 1240784 88132
59.700001 5847908 1240784 88136
59.799999 5847908 1240784 88136
59.900002 5847908 1240784 88136
60.000000 5847908 1240784 88136
60.099998 5847904 1240784 88136
60.200001 5847904 1240784 88136
60.299999 5847900 1240784 88140
60.400002 5847900 1240784 88140
60.500000 5847904 1240784 88140
60.599998 5847904 1240784 88140
60.700001 5847904 1240784 88140
60.799999 5847940 1240784 88140
60.900002 5847936 1240784 88140
61.000000 5847936 1240784 88140
61.099998 5847936 1240784 88140
61.200001 5847936 1240784 88140
61.299999 5847940 1240784 88140
61.400002 5847936 1240784 88140
61.500000 5847932 1240784 88140
61.599998 5847932 1240784 88140
61.700001 5848200 1240784 88140
61.799999 5848200 1240784 88140
61.900002 5848224 1240784 88140
62.000000 5848212 1240528 88140
62.099998 5848208 1240528 88288
62.200001 5848208 1240528 88288
62.299999 5848208 1240528 88288
62.400002 5848208 1240528 88288
62.500000 5848208 1240528 88288
62.599998 5848208 1240528 88288
62.700001 5848208 1240528 88288
62.799999 5848212 1240528 88288
62.900002 5848192 1240528 88288
63.000000 5848188 1240528 88288
63.099998 5848188 1240528 88288
63.200001 5848180 1240528 88288
63.299999 5848180 1240528 88288
63.400002 5848188 1240528 88292
63.500000 5848188 1240528 88292
63.599998 5848196 1240528 88292
63.700001 5848196 1240528 88292
63.799999 5848188 1240528 88292
63.900002 5847936 1240528 88292
64.000000 5847684 1240528 88292
64.099998 5847684 1240528 88292
64.199997 5847684 1240528 88292
64.300003 5847684 1240528 88292
64.400002 5847684 1240528 88292
64.500000 5847684 1240528 88292
64.599998 5847684 1240528 88292
64.699997 5847684 1240528 88292
64.800003 5847684 1240528 88292
64.900002 5847684 1240528 88292
65.000000 5847676 1240528 88292
65.099998 5847676 1240528 88292
65.199997 5847672 1240528 88292
65.300003 5847672 1240528 88292
65.400002 5847704 1240528 88296
65.500000 5847704 1240528 88296
65.599998 5847700 1240528 88296
65.699997 5847448 1240528 88296
65.800003 5847444 1240528 88296
65.900002 5847444 1240528 88296
66.000000 5847432 1240528 88296
66.099998 5847432 1240528 88296
66.199997 5847432 1240528 88296
66.300003 5847432 1240528 88296
66.400002 5847424 1240528 88296
66.500000 5847424 1240528 88296
66.599998 5847424 1240528 88296
66.699997 5847424 1240528 88296
66.800003 5847416 1240528 88296
66.900002 5847416 1240528 88296
67.000000 5847416 1240528 88296
67.099998 5847416 1240528 88296
67.199997 5847432 1240528 88440
67.300003 5847400 1240528 88440
67.400002 5847388 1240528 88440
67.500000 5847388 1240528 88440
67.599998 5847388 1240528 88440
67.699997 5847400 1240528 88440
67.800003 5847368 1240528 88440
67.900002 5847364 1240528 88440
68.000000 5847364 1240528 88440
68.099998 5847364 1240528 88440
68.199997 5847364 1240528 88440
68.300003 5847368 1240528 88440
68.400002 5847368 1240528 88440
68.500000 5847360 1240528 88440
68.599998 5847360 1240528 88440
68.699997 5847368 1240528 88440
68.800003 5847368 1240528 88440
68.900002 5847368 1240528 88440
69.000000 5847368 1240528 88440
69.099998 5847356 1240528 88440
69.199997 5847356 1240528 88440
69.300003 5847352 1240528 88440
69.400002 5847352 1240528 88440
69.500000 5847364 1240272 88440
69.599998 5847364 1240272 88440
69.699997 5847368 1240272 88440
69.800003 5847368 1240272 88440
69.900002 5847116 1240272 88440
70.000000 5847116 1240272 88440
70.099998 5847116 1240272 88440
70.199997 5847116 1240272 88440
70.300003 5847116 1240272 88440
70.400002 5847116 1240272 88440
70.500000 5847116 1240272 88440
70.599998 5847116 1240272 88440
70.699997 5847116 1240272 88440
70.800003 5847116 1240272 88440
70.900002 5847108 1240272 88440
71.000000 5847108 1240272 88440
71.099998 5847104 1240272 88440
71.199997 5847104 1240272 88440
71.300003 5847092 1240272 88440
71.400002 5847092 1240272 88440
71.500000 5847116 1240272 88440
71.599998 5847116 1240272 88440
71.699997 5847116 1240272 88440
71.800003 5847116 1240272 88440
71.900002 5847116 1240272 88440
72.000000 5847116 1240272 88440
72.099998 5847116 1240272 88440
72.199997 5847116 1240272 88440
72.300003 5847112 1240272 88440
72.400002 5847112 1240272 88440
72.500000 5847100 1240272 88440
72.599998 5847100 1240272 88440
72.699997 5847100 1240272 88440
72.800003 5847124 1240272 88440
72.900002 5847144 1240272 88440
73.000000 5847144 1240272 88440
73.099998 5847144 1240272 88440
73.199997 5847140 1240272 88440
73.300003 5847140 1240272 88440
73.400002 5847144 1240272 88440
73.500000 5847144 1240272 88440
73.599998 5847144 1240272 88440
73.699997 5847144 1240272 88440
73.800003 5847140 1240272 88440
73.900002 5847140 1240272 88440
74.000000 5847140 1240272 88440
74.099998 5847140 1240272 88440
74.199997 5847140 1240272 88440
74.300003 5847140 1240272 88440
74.400002 5847140 1240272 88440
74.500000 5847140 1240272 88440
74.599998 5847140 1240272 88440
74.699997 5847140 1240272 88440
74.800003 5847144 1240272 88440
74.900002 5847144 1240272 88440
75.000000 5847144 1240272 88440
75.099998 5847144 1240272 88440
75.199997 5847144 1240272 88440
75.300003 5847144 1240272 88440
75.400002 5847144 1240272 88440
75.500000 5847144 1240272 88440
75.599998 5847144 1240272 88440
75.699997 5847144 1240272 88440
75.800003 5847144 1240272 88440
75.900002 5847144 1240272 88440
76.000000 5847144 1240272 88440
76.099998 5847144 1240272 88440
76.199997 5847144 1240272 88440
76.300003 5847144 1240272 88440
76.400002 5847172 1240272 88440
76.500000 5847172 1240272 88440
76.599998 5847172 1240272 88440
76.699997 5847172 1240272 88440
76.800003 5847176 1240272 88440
76.900002 5847176 1240272 88440
77.000000 5847172 1240272 88440
77.099998 5847172 1240272 88440
77.199997 5847172 1240272 88440
77.300003 5847172 1240272 88440
77.400002 5847172 1240272 88440
77.500000 5847172 1240272 88440
77.599998 5847172 1240272 88440
77.699997 5847172 1240272 88440
77.800003 5847172 1240272 88440
77.900002 5847172 1240272 88440
78.000000 5847172 1240272 88440
78.099998 5847172 1240272 88440
78.199997 5847172 1240272 88440
78.300003 5847172 1240272 88440
78.400002 5847172 1240272 88440
78.500000 5847172 1240272 88440
78.599998 5847172 1240272 88440
78.699997 5847172 1240272 88440
78.800003 5847172 1240272 88440
78.900002 5847172 1240272 88440
79.000000 5847140 1240272 88440
79.099998 5847140 1240272 88440
79.199997 5847140 1240272 88440
79.300003 5847140 1240272 88440
79.400002 5847140 1240272 88440
79.500000 5847160 1240272 88444
79.599998 5847160 1240272 88444
79.699997 5847160 1240272 88444
79.800003 5847140 1240272 88444
79.900002 5847136 1240272 88444
80.000000 5847136 1240272 88444
80.099998 5847136 1240272 88444
80.199997 5847136 1240272 88444
80.300003 5847140 1240272 88632
80.400002 5847140 1240272 88632
80.500000 5847140 1240272 88632
80.599998 5847140 1240272 88632
80.699997 5847132 1240272 88632
80.800003 5847140 1240272 88632
80.900002 5847140 1240272 88632
81.000000 5847140 1240272 88632
81.099998 5847088 1239760 89396
81.199997 5846788 1239248 89692
81.300003 5846800 1238992 89896
81.400002 5846800 1238992 89896
81.500000 5846564 1238992 89896
81.599998 5846564 1238992 89896
81.699997 5846564 1238992 89896
81.800003 5846564 1238992 89896
81.900002 5847140 1238992 89896
82.000000 5847140 1238992 89896
82.099998 5847140 1238992 89896
82.199997 5847140 1238992 89896
82.300003 5847140 1238992 89896
82.400002 5847140 1238992 89896
82.500000 5847140 1238992 89896
82.599998 5847000 1238736 90328
82.699997 5847088 1238736 90544
82.800003 5847380 1238528 90396
82.900002 5846852 1238784 90348
83.000000 5847544 1241600 87728
83.099998 5847412 1241344 87960
83.199997 5847412 1241344 87960
83.300003 5847412 1241344 87960
83.400002 5847412 1241344 87960
83.500000 5847412 1241344 87960
83.599998 5847412 1241344 87960
83.699997 5847412 1241344 87960
83.800003 5847408 1241344 87960
83.900002 5847272 1241344 87960
84.000000 5847272 1241344 87960
84.099998 5847272 1241344 87960
84.199997 5847272 1241344 87960
84.300003 5847272 1241344 87960
84.400002 5847272 1241344 87960
84.500000 5847272 1241344 87960
84.599998 5847272 1241344 87960
84.699997 5847276 1241344 87960
84.800003 5847276 1241344 87960
84.900002 5847244 1241344 87960
85.000000 5847244 1241344 87960
85.099998 5847244 1241344 87960
85.199997 5847244 1241344 87960
85.300003 5847244 1241344 87960
85.400002 5847244 1241344 87960
85.500000 5847244 1241344 87960
85.599998 5847252 1241344 87964
85.699997 5847252 1241344 87964
85.800003 5847240 1241344 87964
85.900002 5847240 1241344 87964
86.000000 5847232 1241344 87964
86.099998 5847232 1241344 87964
86.199997 5847232 1241344 87964
86.300003 5847232 1241344 87964
86.400002 5847232 1241344 87964
86.500000 5847232 1241344 87964
86.599998 5847232 1241344 87964
86.699997 5847232 1241344 87964
86.800003 5847232 1241344 87964
86.900002 5847232 1241344 87964
87.000000 5847232 1241344 87964
87.099998 5847232 1241344 87964
87.199997 5847232 1241344 87964
87.300003 5847232 1241344 87964
87.400002 5847252 1241344 88156
87.500000 5847248 1241344 88160
87.599998 5847244 1241344 88160
87.699997 5847244 1241344 88160
87.800003 5847244 1241344 88160
87.900002 5847256 1241344 88160
88.000000 5847232 1241344 88160
88.099998 5847232 1241344 88160
88.199997 5847232 1241344 88160
88.300003 5847232 1241344 88160
88.400002 5847232 1241344 88160
88.500000 5847232 1241344 88160
88.599998 5847232 1241344 88160
88.699997 5847228 1241344 88164
88.800003 5847228 1241344 88164
88.900002 5847228 1241344 88168
89.000000 5847228 1241344 88168
89.099998 5847228 1241344 88172
89.199997 5847228 1241344 88172
89.300003 5847228 1241344 88172
89.400002 5847228 1241344 88172
89.500000 5847220 1241344 88176
89.599998 5847220 1241344 88176
89.699997 5847220 1241344 88176
89.800003 5847220 1241344 88176
89.900002 5847220 1241344 88176
90.000000 5847220 1241344 88176
90.099998 5847220 1241344 88176
90.199997 5847220 1241344 88176
90.300003 5847220 1241344 88176
90.400002 5847220 1241344 88176
90.500000 5847220 1241344 88176
90.599998 5847220 1241344 88176
90.699997 5847220 1241344 88176
90.800003 5847220 1241344 88176
90.900002 5847220 1241344 88176
91.000000 5847220 1241344 88176
91.099998 5847220 1241344 88176
91.199997 5847220 1241344 88176
91.300003 5847220 1241344 88176
91.400002 5847220 1241344 88176
91.500000 5847220 1241344 88176
91.599998 5847220 1241344 88176
91.699997 5847220 1241344 88176
91.800003 5847220 1241344 88176
91.900002 5847220 1241344 88176
92.000000 5847220 1241344 88176
92.099998 5847220 1241344 88176
92.199997 5847220 1241344 88176
92.300003 5847220 1241344 88176
92.400002 5847220 1241344 88176
92.500000 5847220 1241344 88176
92.599998 5847220 1241344 88176
92.699997 5847220 1241344 88176
92.800003 5847220 1241344 88176
92.900002 5847252 1241344 88176
93.000000 5847252 1241344 88176
93.099998 5847252 1241344 88176
93.199997 5847252 1241344 88176
93.300003 5847252 1241344 88176
93.400002 5847252 1241344 88176
93.500000 5847252 1241344 88176
93.599998 5847252 1241344 88176
93.699997 5847252 1241344 88176
93.800003 5847252 1241344 88176
93.900002 5847000 1241344 88176
94.000000 5847000 1241344 88176
94.099998 5847000 1241344 88176
94.199997 5847000 1241344 88176
94.300003 5847000 1241344 88176
94.400002 5847000 1241344 88176
94.500000 5847000 1241344 88176
94.599998 5847000 1241344 88176
94.699997 5847000 1241344 88176
94.800003 5847000 1241344 88176
94.900002 5847000 1241344 88176
95.000000 5847000 1241344 88176
95.099998 5847000 1241344 88176
95.199997 5847000 1241344 88176
95.300003 5847000 1241344 88176
95.400002 5847000 1241344 88176
95.500000 5847000 1241344 88176
95.599998 5847000 1241344 88176
95.699997 5847000 1241344 88176
95.800003 5847000 1241344 88176
95.900002 5847000 1241344 88176
96.000000 5847000 1241344 88176
96.099998 5847000 1241344 88176
96.199997 5847000 1241344 88176
96.300003 5847000 1241344 88176
96.400002 5847000 1241344 88176
96.500000 5847000 1241344 88176
96.599998 5847000 1241344 88176
96.699997 5847000 1241344 88176
96.800003 5847000 1241344 88176
96.900002 5847000 1241344 88176
97.000000 5847000 1241344 88176
97.099998 5847000 1241344 88176
97.199997 5847000 1241344 88176
97.300003 5847000 1241344 88176
97.400002 5847000 1241344 88176
97.500000 5847000 1241344 88176
97.599998 5847000 1241344 88176
97.699997 5847000 1241344 88176
97.800003 5846748 1241344 88176
97.900002 5846748 1241344 88176
98.000000 5846780 1241344 88176
98.099998 5846780 1241344 88176
98.199997 5846780 1241344 88176
98.300003 5846780 1241344 88176
98.400002 5846812 1241344 88176
98.500000 5846812 1241344 88176
98.599998 5846812 1241344 88176
98.699997 5846812 1241344 88176
98.800003 5846812 1241344 88176
98.900002 5846812 1241344 88176
99.000000 5846812 1241344 88176
99.099998 5846812 1241344 88176
99.199997 5846812 1241344 88176
99.300003 5846812 1241344 88176
99.400002 5846812 1241344 88176
99.500000 5846812 1241344 88176
99.599998 5846812 1241344 88176
99.699997 5846808 1241344 88176
99.800003 5846808 1241344 88176
99.900002 5846808 1241344 88176
100.000000 5846808 1241344 88176
100.099998 5846808 1241344 88176
100.199997 5846808 1241344 88176
100.300003 5846808 1241344 88176
100.400002 5846808 1241344 88176
100.500000 5846808 1241344 88176
100.599998 5846808 1241344 88176
100.699997 5846812 1241344 88176
100.800003 5846812 1241344 88176
100.900002 5846812 1241344 88176
101.000000 5846812 1241344 88176
101.099998 5846812 1241344 88176
101.199997 5846812 1241344 88176
101.300003 5846812 1241344 88176
101.400002 5846812 1241344 88176
101.500000 5846812 1241344 88176
101.599998 5846812 1241344 88176
101.699997 5846812 1241344 88176
101.800003 5846812 1241344 88176
101.900002 5846808 1241344 88176
102.000000 5846556 1241344 88176
102.099998 5846556 1241344 88176
102.199997 5846556 1241344 88176
102.300003 5846556 1241344 88176
102.400002 5846556 1241344 88176
102.500000 5846556 1241344 88176
102.599998 5846556 1241344 88176
102.699997 5846556 1241344 88176
102.800003 5846556 1241344 88176
102.900002 5846556 1241344 88176
103.000000 5846556 1241344 88176
103.099998 5846556 1241344 88176
103.199997 5846556 1241344 88176
103.300003 5846556 1241344 88212
103.400002 5846420 1240576 88712
103.500000 5846416 1240576 88712
103.599998 5846416 1240576 88712
103.699997 5846416 1240576 88712
103.800003 5846416 1240576 88712
103.900002 5846808 1240576 88712
104.000000 5846808 1240576 88712
104.099998 5846808 1240576 88712
104.199997 5846808 1240576 88712
104.300003 5846808 1240576 88712
104.400002 5846808 1240576 88712
104.500000 5846808 1240576 88712
104.599998 5846808 1240576 88712
104.699997 5846808 1240576 88712
104.800003 5846808 1240576 88712
104.900002 5846840 1240576 88712
105.000000 5846840 1240576 88712
105.099998 5846840 1240576 88712
105.199997 5846840 1240576 88712
105.300003 5846840 1240576 88712
105.400002 5846840 1240576 88712
105.500000 5846840 1240576 88712
105.599998 5846840 1240576 88712
105.699997 5846836 1240576 88712
105.800003 5846836 1240576 88712
105.900002 5846840 1240576 88712
106.000000 5846740 1240576 88712
106.099998 5846740 1240576 88712
106.199997 5846740 1240576 88712
106.300003 5846740 1240576 88712
106.400002 5846740 1240576 88712
106.500000 5846740 1240576 88712
106.599998 5846740 1240576 88712
106.699997 5846740 1240576 88712
106.800003 5846740 1240576 88712
106.900002 5846668 1239552 89684
107.000000 5846208 1238784 90388
107.099998 5846388 1238784 90392
107.199997 5846388 1238784 90392
107.300003 5846388 1238784 90392
107.400002 5846388 1238784 90392
107.500000 5846388 1238784 90392
107.599998 5846388 1238784 90392
107.699997 5846388 1238784 90560
107.800003 5846388 1238784 90560
107.900002 5846388 1238784 90560
108.000000 5846740 1238784 90560
108.099998 5846740 1238784 90560
108.199997 5846740 1238784 90560
108.300003 5846740 1238784 90560
108.400002 5846740 1238784 90560
108.500000 5846740 1238784 90560
108.599998 5846740 1238784 90560
108.699997 5846740 1238784 90560
108.800003 5846740 1238784 90560
108.900002 5846740 1238784 90560
109.000000 5846772 1238784 90560
109.099998 5846772 1238784 90560
109.199997 5846772 1238784 90560
109.300003 5846772 1238784 90560
109.400002 5846772 1238784 90560
109.500000 5846772 1238784 90560
109.599998 5846772 1238784 90560
109.699997 5846772 1238784 90560
109.800003 5846768 1238784 90560
109.900002 5846768 1238784 90560
110.000000 5847016 1238784 90560
110.099998 5847016 1238784 90560
110.199997 5847016 1238784 90560
110.300003 5847016 1238784 90560
110.400002 5847016 1238784 90560
110.500000 5847016 1238784 90560
110.599998 5847012 1238784 90572
110.699997 5847012 1238784 90572
110.800003 5847040 1238784 90572
110.900002 5847040 1238784 90572
111.000000 5847040 1238784 90572
111.099998 5847036 1238784 90572
111.199997 5847040 1238784 90572
111.300003 5847040 1238784 90572
111.400002 5847040 1238784 90572
111.500000 5847040 1238784 90572
111.599998 5847040 1238784 90572
111.699997 5847040 1238784 90572
111.800003 5847044 1238784 90572
111.900002 5847044 1238784 90572
112.000000 5847044 1238784 90572
112.099998 5847044 1238784 90572
112.199997 5847044 1238784 90572
112.300003 5847044 1238784 90572
112.400002 5847044 1238784 90572
112.500000 5847044 1238784 90572
112.599998 5847044 1238784 90572
112.699997 5847044 1238784 90572
112.800003 5847044 1238784 90572
112.900002 5847044 1238784 90572
113.000000 5846792 1238784 90572
113.099998 5846792 1238784 90572
113.199997 5846792 1238784 90572
113.300003 5846792 1238784 90572
113.400002 5846792 1238784 90572
113.500000 5846792 1238784 90572
113.599998 5846792 1238784 90572
113.699997 5846792 1238784 90572
113.800003 5846792 1238784 90572
113.900002 5846792 1238784 90572
114.000000 5846792 1238784 90572
114.099998 5846792 1238784 90572
114.199997 5846792 1238784 90572
114.300003 5846792 1238784 90572
114.400002 5846792 1238784 90572
114.500000 5846792 1238784 90572
114.599998 5846792 1238784 90572
114.699997 5846792 1238784 90572
114.800003 5846792 1238784 90572
114.900002 5846788 1238784 90572
115.000000 5846788 1238784 90572
115.099998 5846788 1238784 90572
115.199997 5846788 1238784 90572
115.300003 5846788 1238784 90572
115.400002 5846788 1238784 90572
115.500000 5846788 1238784 90572
115.599998 5846788 1238784 90572
115.699997 5846788 1238784 90572
115.800003 5846788 1238784 90572
115.900002 5846788 1238784 90572
116.000000 5846788 1238784 90572
116.099998 5846788 1238784 90572
116.199997 5846788 1238784 90572
116.300003 5846788 1238784 90572
116.400002 5846788 1238784 90572
116.500000 5846788 1238784 90572
116.599998 5846788 1238784 90572
116.699997 5846788 1238784 90572
116.800003 5846788 1238784 90572
116.900002 5846788 1238784 90572
117.000000 5846788 1238784 90572
117.099998 5846788 1238784 90572
117.199997 5846788 1238784 90572
117.300003 5846788 1238784 90572
117.400002 5846788 1238784 90572
117.500000 5846788 1238784 90572
117.599998 5846788 1238784 90572
117.699997 5846788 1238784 90572
117.800003 5846784 1238784 90572
117.900002 5846784 1238784 90572
118.000000 5846784 1238784 90572
118.099998 5846784 1238784 90572
118.199997 5846784 1238784 90572
118.300003 5846784 1238784 90572
118.400002 5846784 1238784 90572
118.500000 5846784 1238784 90572
118.599998 5846784 1238784 90572
118.699997 5846784 1238784 90572
118.800003 5846784 1238784 90572
118.900002 5846784 1238784 90572
119.000000 5846784 1238784 90572
119.099998 5846784 1238784 90572
119.199997 5846784 1238784 90572
119.300003 5846784 1238784 90572
119.400002 5846816 1238784 90572
119.500000 5846816 1238784 90572
119.599998 5846816 1238784 90572
119.699997 5846816 1238784 90572
119.800003 5846820 1238784 90572
119.900002 5846816 1238784 90572
120.000000 5846816 1238784 90572
