0.000000 5821172 1277184 88404
0.100000 5820668 1277184 88404
0.200000 5820668 1277184 88404
0.300000 5820668 1277184 88404
0.400000 5820420 1276928 88404
0.500000 5820924 1276416 88964
0.600000 5821412 1275392 90052
0.700000 5822336 1274624 91092
0.800000 5822620 1274624 91308
0.900000 5822928 1273856 91692
1.000000 5823220 1273344 92112
1.100000 5823208 1272832 92332
1.200000 5823208 1272832 92332
1.300000 5822972 1272832 92336
1.400000 5823408 1272832 92336
1.500000 5823408 1272832 92336
1.600000 5823408 1272832 92336
1.700000 5823400 1272832 92336
1.800000 5823400 1272832 92336
1.900000 5823408 1272832 92336
2.000000 5823408 1272832 92336
2.100000 5823412 1272832 92336
2.200000 5823160 1272832 92336
2.300000 5822904 1272832 92340
2.400000 5822908 1272832 92340
2.500000 5822904 1272832 92340
2.600000 5822908 1272832 92340
2.700000 5822908 1272832 92340
2.800000 5822908 1272832 92340
2.900000 5822908 1272832 92340
3.000000 5822908 1272832 92340
3.100000 5822908 1272832 92344
3.200000 5822908 1272832 92344
3.300000 5822908 1272832 92344
3.400000 5823056 1272832 92344
3.500000 5822804 1272832 92344
3.600000 5822804 1272832 92344
3.700000 5822804 1272832 92344
3.800000 5822804 1272832 92344
3.900000 5822804 1272832 92344
4.000000 5822804 1272832 92344
4.100000 5822804 1272832 92344
4.200000 5822800 1272832 92344
4.300000 5822800 1272832 92344
4.400000 5822552 1272832 92344
4.500000 5822552 1272832 92344
4.600000 5822300 1272832 92344
4.700000 5822300 1272832 92344
4.800000 5822300 1272832 92344
4.900000 5822300 1272832 92344
5.000000 5822300 1272832 92344
5.100000 5822052 1272832 92344
5.200000 5821792 1272832 92344
5.300000 5821592 1272832 92344
5.400000 5821592 1272832 92344
5.500000 5821596 1272832 92344
5.600000 5821596 1272832 92344
5.700000 5821596 1272832 92344
5.800000 5821596 1272832 92344
5.900000 5821596 1272832 92344
6.000000 5821596 1272832 92344
6.100000 5821452 1272832 92344
6.200000 5821452 1272832 92496
6.300000 5821452 1272832 92496
6.400000 5820948 1272832 92496
6.500000 5820948 1272832 92496
6.600000 5820948 1272832 92496
6.700000 5820952 1272320 92544
6.800000 5821664 1271808 93232
6.900000 5821692 1271808 93232
7.000000 5821688 1271808 93232
7.100000 5821688 1271808 93232
7.200000 5821672 1271808 93232
7.300000 5821672 1271808 93232
7.400000 5821452 1271808 93232
7.500000 5821204 1271808 93232
7.600000 5821204 1271808 93232
7.700000 5821204 1271808 93232
7.800000 5820948 1271808 93232
7.900000 5820948 1271808 93232
8.000000 5820952 1271808 93232
8.100000 5820908 1271808 93232
8.200000 5820904 1271808 93380
8.300000 5820652 1271808 93380
8.400000 5820652 1271808 93380
8.500000 5820652 1271808 93380
8.600000 5820652 1271808 93380
8.700000 5820656 1271808 93384
8.800000 5820656 1271808 93384
8.900000 5820664 1271808 93384
9.000000 5820664 1271808 93384
9.100000 5820676 1271552 93388
9.200000 5820668 1271552 93388
9.300000 5820680 1271552 93388
9.400000 5820652 1271552 93388
9.500000 5820652 1271552 93388
9.600000 5820652 1271552 93388
9.700000 5820400 1271552 93392
9.800000 5820400 1271552 93392
9.900000 5820400 1271552 93392
10.000000 5820400 1271552 93392
10.100000 5820388 1271552 93392
10.200000 5820388 1271552 93392
10.300000 5820144 1271552 93488
10.400000 5820148 1271552 93488
10.500000 5820136 1271552 93488
10.600000 5819884 1271552 93488
10.700000 5819892 1271552 93488
10.800000 5819892 1271552 93488
10.900000 5819880 1271552 93488
11.000000 5819880 1271552 93488
11.100000 5819880 1271552 93488
11.200000 5819844 1271552 93488
11.300000 5819844 1271552 93488
11.400000 5819368 1271552 93488
11.500000 5819392 1271552 93488
11.600000 5819140 1271552 93488
11.700000 5819140 1271552 93488
11.800000 5819140 1271552 93488
11.900000 5819140 1271552 93492
12.000000 5819492 1271552 93492
12.100000 5819492 1271552 93496
12.200000 5819492 1271552 93496
12.300000 5819488 1271552 93496
12.400000 5819172 1271552 93496
12.500000 5819168 1271552 93496
12.600000 5819172 1271552 93496
12.700000 5819172 1271552 93500
12.800000 5819172 1271552 93500
12.900000 5819172 1271552 93500
13.000000 5819172 1271552 93500
13.100000 5819176 1271552 93500
13.200000 5819180 1271552 93500
13.300000 5819180 1271552 93500
13.400000 5819168 1271552 93500
13.500000 5818884 1271552 93500
13.600000 5818884 1271552 93500
13.700000 5818884 1271552 93500
13.800000 5818884 1271552 93500
13.900000 5818884 1271552 93500
14.000000 5818868 1271552 93600
14.100000 5818628 1271552 93600
14.200000 5818624 1271552 93600
14.300000 5818628 1271552 93600
14.400000 5818544 1271552 93600
14.500000 5818376 1271552 93600
14.600000 5818008 1271296 93604
14.700000 5817868 1271296 93604
14.800000 5817624 1271296 93604
14.900000 5817624 1271296 93604
15.000000 5817616 1271296 93604
15.100000 5817616 1271296 93604
15.200000 5817600 1271296 93604
15.300000 5817600 1271296 93604
15.400000 5817600 1271296 93604
15.500000 5817600 1271296 93604
15.600000 5817600 1271296 93604
15.700000 5817600 1271296 93604
15.800000 5817616 1271296 93604
15.900000 5817616 1271296 93604
16.000000 5817612 1271296 93604
16.100000 5817360 1271296 93604
16.200001 5817356 1271296 93604
16.299999 5817356 1271296 93604
16.400000 5817352 1271296 93604
16.500000 5817372 1271296 93604
16.600000 5817372 1271296 93604
16.700001 5817120 1271296 93604
16.799999 5817120 1271296 93604
16.900000 5816868 1271296 93604
17.000000 5816856 1271296 93604
17.100000 5816856 1271040 93604
17.200001 5816848 1271040 93604
17.299999 5816596 1271040 93604
17.400000 5816608 1271040 93604
17.500000 5816596 1271040 93604
17.600000 5816352 1271040 93604
17.700001 5816352 1271040 93604
17.799999 5816352 1271040 93604
17.900000 5816100 1271040 93604
18.000000 5816100 1271040 93604
18.100000 5815848 1270784 93604
18.200001 5815848 1270784 93604
18.299999 5815704 1270784 93604
18.400000 5815592 1270784 93608
18.500000 5815476 1270528 93608
18.600000 5815340 1270528 93608
18.700001 5815328 1270528 93776
18.799999 5815344 1270528 93776
18.900000 5815296 1270528 93776
19.000000 5815092 1270528 93776
19.100000 5815068 1270528 93776
19.200001 5815092 1270528 93776
19.299999 5815076 1270528 93780
19.400000 5814840 1270528 93780
19.500000 5814800 1270528 93780
19.600000 5814848 1270528 93780
19.700001 5814760 1270272 93780
19.799999 5814596 1270272 93780
19.900000 5814520 1270272 93780
20.000000 5814336 1270272 93780
20.100000 5814336 1270272 93784
20.200001 5814340 1270272 93792
20.299999 5814232 1270272 93792
20.400000 5814076 1270272 93792
20.500000 5814072 1270016 93792
20.600000 5814076 1270016 93792
20.700001 5813824 1270016 93792
20.799999 5813824 1270016 93792
20.900000 5813804 1270016 93792
21.000000 5813720 1269760 93792
21.100000 5813720 1269760 93792
21.200001 5813804 1269504 93792
21.299999 5813572 1269504 93792
21.400000 5813320 1269504 93792
21.500000 5813320 1269504 93792
21.600000 5813204 1269248 93792
21.700001 5813068 1269248 93792
21.799999 5812816 1269248 93792
21.900000 5812816 1269248 93792
22.000000 5812564 1269248 93792
22.100000 5812564 1269248 93792
22.200001 5812488 1268992 93792
22.299999 5812480 1268992 93852
22.400000 5811948 1268992 93852
22.500000 5811808 1268992 93852
22.600000 5811556 1268992 93852
22.700001 5811556 1268992 93852
22.799999 5811304 1268736 93852
22.900000 5811304 1268736 93852
23.000000 5811304 1268736 93852
23.100000 5811304 1268736 93852
23.200001 5811248 1268736 93852
23.299999 5811244 1268736 93852
23.400000 5811048 1268480 93852
23.500000 5811048 1268480 93852
23.600000 5811048 1268480 93852
23.700001 5810796 1268480 93852
23.799999 5810792 1268480 93852
23.900000 5810792 1268480 93852
24.000000 5810796 1268480 93860
24.100000 5810796 1268480 93860
24.200001 5810796 1268480 93860
24.299999 5810796 1268480 93860
24.400000 5810808 1268480 93860
24.500000 5810808 1268480 93860
24.600000 5810808 1268480 93860
24.700001 5810808 1268480 93860
24.799999 5810808 1268480 93860
24.900000 5810808 1268480 93860
25.000000 5810804 1268480 93864
25.100000 5810884 1268480 93908
25.200001 5810924 1268480 94096
25.299999 5811208 1268224 94148
25.400000 5811208 1268224 94340
25.500000 5811492 1267968 94352
25.600000 5811488 1267968 94616
25.700001 5811752 1267456 94888
25.799999 5812556 1267456 95148
25.900000 5812520 1266944 95396
26.000000 5812568 1266944 95420
26.100000 5812780 1266944 95572
26.200001 5812780 1266944 95572
26.299999 5812780 1266944 95572
26.400000 5813024 1266944 95572
26.500000 5812772 1266944 95572
26.600000 5812772 1266944 95572
26.700001 5812728 1266944 95572
26.799999 5812728 1266944 95572
26.900000 5812740 1266944 95572
27.000000 5812780 1266176 95992
27.100000 5812876 1265920 96432
27.200001 5813748 1265408 96972
27.299999 5815244 1264128 97840
27.400000 5816668 1262848 99556
27.500000 5818284 1261568 100808
27.600000 5818276 1261568 100808
27.700001 5818308 1261568 100808
27.799999 5818300 1261568 100808
27.900000 5818300 1261568 100808
28.000000 5818300 1261568 100808
28.100000 5818300 1261568 100808
28.200001 5818296 1261568 100808
28.299999 5818296 1261568 100808
28.400000 5818312 1261568 100808
28.500000 5818312 1261568 100808
28.600000 5818308 1261568 100808
28.700001 5818308 1261568 100808
28.799999 5818304 1261568 100808
28.900000 5818304 1261568 100808
29.000000 5818304 1261568 100808
29.100000 5818304 1261568 100808
29.200001 5818300 1261568 100808
29.299999 5818300 1261568 100808
29.400000 5818260 1261568 100808
29.500000 5818260 1261568 100808
29.600000 5818260 1261568 100808
29.700001 5818260 1261568 100808
29.799999 5818256 1261568 100808
29.900000 5818256 1261568 100808
30.000000 5818816 1261568 100816
30.100000 5819116 1260800 101344
30.200001 5818920 1260544 101736
30.299999 5818916 1260032 102272
30.400000 5825492 1259264 102616
30.500000 5825380 1259264 102748
30.600000 5825764 1258752 102972
30.700001 5825948 1258752 103380
30.799999 5826032 1258752 103624
30.900000 5826788 1258496 103896
31.000000 5826828 1257984 104036
31.100000 5827564 1257472 104196
31.200001 5829316 1256960 104832
31.299999 5829088 1256448 105092
31.400000 5830048 1255936 105700
31.500000 5830252 1255680 105716
31.600000 5830336 1255424 105932
31.700001 5830852 1255424 106332
31.799999 5831240 1255424 106676
31.900000 5831772 1255424 106872
32.000000 5831804 1254912 107164
32.099998 5831824 1254656 107504
32.200001 5832076 1254400 107700
32.299999 5833256 1254400 107868
32.400002 5833788 1254144 108104
32.500000 5833904 1254144 108352
32.599998 5834372 1254144 108408
32.700001 5834708 1254144 108688
32.799999 5834960 1253888 108888
32.900002 5835044 1253888 108916
33.000000 5835760 1253632 109232
33.099998 5835864 1253376 109456
33.200001 5836144 1252864 109660
33.299999 5836708 1252608 109912
33.400002 5837620 1252608 110264
33.500000 5837816 1252352 110408
33.599998 5838084 1251840 110672
33.700001 5838120 1251840 110692
33.799999 5838236 1251840 110916
33.900002 5838480 1251328 111080
34.000000 5839144 1251328 111404
34.099998 5839108 1250816 111628
34.200001 5839624 1250816 111832
34.299999 5839960 1250816 111920
34.400002 5840980 1250048 112348
34.500000 5841216 1249792 112404
34.599998 5841628 1249536 112740
34.700001 5841760 1249536 113040
34.799999 5842008 1249536 113300
34.900002 5842292 1249536 113312
35.000000 5842812 1249536 113620
35.099998 5843100 1249024 113816
35.200001 5843860 1248768 113916
35.299999 5844612 1248768 114048
35.400002 5844708 1248256 114288
35.500000 5845420 1248256 114512
35.599998 5845372 1247744 114780
35.700001 5845932 1247488 114896
35.799999 5845796 1247488 115044
35.900002 5846236 1247488 115236
36.000000 5846472 1247488 115372
36.099998 5846016 1246976 115512
36.200001 5847216 1246720 115808
36.299999 5846784 1246720 115972
36.400002 5847944 1246720 116204
36.500000 5848520 1246464 116464
36.599998 5849440 1245952 116676
36.700001 5849200 1245696 116804
36.799999 5849300 1245696 117024
36.900002 5849336 1245696 117112
37.000000 5849224 1245440 117404
37.099998 5849552 1245440 117508
37.200001 5851056 1245184 117780
37.299999 5851808 1244928 117972
37.400002 5851836 1244672 118268
37.500000 5850992 1244416 118412
37.599998 5851276 1244160 118508
37.700001 5850984 1243904 118804
37.799999 5851444 1243904 118828
37.900002 5851772 1243904 119264
38.000000 5852980 1243648 119372
38.099998 5854304 1243648 119584
38.200001 5854892 1243648 119848
38.299999 5855256 1243136 120104
38.400002 5855568 1243136 120344
38.500000 5855872 1242880 120824
38.599998 5856124 1242624 120920
38.700001 5857028 1242112 121264
38.799999 5859328 1241600 121780
38.900002 5860000 1240832 122084
39.000000 5861500 1240832 122460
39.099998 5862196 1240832 122584
39.200001 5862808 1240320 122840
39.299999 5863428 1240320 122900
39.400002 5863224 1240064 123052
39.500000 5864264 1240064 123204
39.599998 5865724 1239808 123336
39.700001 5867544 1239808 123384
39.799999 5868208 1239808 123468
39.900002 5868176 1239808 123636
40.000000 5867808 1239808 123732
40.099998 5867864 1239808 123740
40.200001 5866288 1239296 124004
40.299999 5868032 1239296 124044
40.400002 5867368 1239296 124124
40.500000 5869396 1238784 124324
40.599998 5870028 1238784 124504
40.700001 5870000 1238784 124504
40.799999 5870120 1238784 124652
40.900002 5872072 1238784 124688
41.000000 5873288 1238784 124724
41.099998 5873272 1238784 124724
41.200001 5872696 1238784 124792
41.299999 5873560 1238784 124804
41.400002 5874076 1238528 124892
41.500000 5873932 1238528 124892
41.599998 5874064 1238528 124896
41.700001 5874064 1238528 124896
41.799999 5873536 1238528 124936
41.900002 5873772 1238272 125176
42.000000 5873952 1238016 125340
42.099998 5873868 1237760 125484
42.200001 5873368 1237504 125588
42.299999 5873404 1237504 125772
42.400002 5872328 1237248 125924
42.500000 5872920 1237248 126032
42.599998 5873652 1237248 126120
42.700001 5872972 1237248 126120
42.799999 5873048 1237248 126120
42.900002 5873248 1237248 126156
43.000000 5874912 1237248 126244
43.099998 5874604 1237248 126252
43.200001 5876136 1237248 126256
43.299999 5875272 1237248 126256
43.400002 5875628 1237248 126256
43.500000 5875740 1237248 126256
43.599998 5875920 1237248 126256
43.700001 5875780 1237248 126260
43.799999 5876056 1237248 126260
43.900002 5875640 1237248 126264
44.000000 5875904 1237248 126264
44.099998 5875696 1237248 126264
44.200001 5876388 1237248 126348
44.299999 5876460 1237248 126364
44.400002 5876160 1237248 126400
44.500000 5876236 1237248 126400
44.599998 5876520 1237248 126412
44.700001 5876228 1237248 126412
44.799999 5876556 1237248 126412
44.900002 5876640 1237248 126424
45.000000 5878096 1237248 126424
45.099998 5876504 1237248 126424
45.200001 5876728 1237248 126424
45.299999 5875124 1237248 126428
45.400002 5874192 1237248 126428
45.500000 5873768 1237248 126448
45.599998 5873348 1237248 126448
45.700001 5873608 1237248 126448
45.799999 5873464 1237248 126452
45.900002 5873192 1237248 126452
46.000000 5873164 1237248 126452
46.099998 5873632 1237248 126456
46.200001 5873496 1237248 126456
46.299999 5872656 1237248 126456
46.400002 5873756 1237248 126460
46.500000 5873012 1237248 126460
46.599998 5873276 1237248 126460
46.700001 5873508 1237248 126460
46.799999 5874816 1237248 126460
46.900002 5874804 1237248 126460
47.000000 5875016 1237248 126460
47.099998 5874528 1237248 126464
47.200001 5874652 1237248 126464
47.299999 5875056 1237248 126464
47.400002 5875240 1237248 126472
47.500000 5874920 1237248 126544
47.599998 5877008 1237248 126568
47.700001 5877428 1237248 126568
47.799999 5878224 1237248 126568
47.900002 5876860 1237248 126568
48.000000 5877932 1237248 126568
48.099998 5878320 1237248 126568
48.200001 5878648 1237248 126568
48.299999 5878292 1237248 126576
48.400002 5878536 1236992 126736
48.500000 5878852 1236736 126904
48.599998 5877128 1236736 127136
48.700001 5876176 1236736 127276
48.799999 5876536 1236480 127404
48.900002 5878072 1236480 127404
49.000000 5877764 1236480 127404
49.099998 5878120 1236480 127444
49.200001 5877976 1236480 127444
49.299999 5878352 1236480 127444
49.400002 5878848 1236480 127444
49.500000 5878824 1236480 127444
49.599998 5878892 1236224 127680
49.700001 5881188 1236224 127796
49.799999 5880984 1236224 127796
49.900002 5880528 1236224 127828
50.000000 5881276 1236224 127828
50.099998 5881320 1236224 127828
50.200001 5881112 1236224 127828
50.299999 5881920 1236224 127828
50.400002 5880536 1236224 127828
50.500000 5880444 1236224 127856
50.599998 5879544 1236224 127936
50.700001 5880316 1236224 128080
50.799999 5880768 1235968 128260
50.900002 5881084 1235968 128260
51.000000 5881836 1235968 128364
51.099998 5881136 1235968 128448
51.200001 5881224 1235968 128556
51.299999 5881900 1235968 128624
51.400002 5881896 1235968 128688
51.500000 5880800 1235712 128768
51.599998 5880872 1235456 128836
51.700001 5880780 1235200 128972
51.799999 5881332 1235200 128972
51.900002 5881088 1235200 128972
52.000000 5881348 1235200 128972
52.099998 5881092 1235200 128972
52.200001 5881492 1235200 129008
52.299999 5881664 1235200 129008
52.400002 5881932 1235200 129008
52.500000 5881944 1235200 129008
52.599998 5883844 1235200 129028
52.700001 5883976 1235200 129028
52.799999 5885760 1235200 129036
52.900002 5885860 1235200 129036
53.000000 5885164 1235200 129036
53.099998 5885236 1235200 129036
53.200001 5885744 1234944 129252
53.299999 5885304 1234688 129452
53.400002 5885760 1234176 129732
53.500000 5885868 1233920 129980
53.599998 5885896 1233920 130036
53.700001 5888248 1233920 130064
53.799999 5888656 1233920 130064
53.900002 5889680 1233920 130072
54.000000 5890072 1233920 130072
54.099998 5890108 1233920 130072
54.200001 5890276 1233920 130072
54.299999 5890420 1233920 130072
54.400002 5890412 1233920 130072
54.500000 5889760 1233920 130072
54.599998 5890180 1233920 130072
54.700001 5890152 1233920 130076
54.799999 5890584 1233920 130076
54.900002 5890648 1233920 130076
55.000000 5891572 1233920 130092
55.099998 5891528 1233920 130092
55.200001 5891744 1233920 130092
55.299999 5891084 1233920 130092
55.400002 5891320 1233920 130092
55.500000 5890988 1233664 130092
55.599998 5891188 1233664 130092
55.700001 5890916 1233664 130160
55.799999 5891712 1233408 130324
55.900002 5892340 1233408 130604
56.000000 5892008 1232896 130876
56.099998 5893760 1232640 131092
56.200001 5893276 1232640 131092
56.299999 5893420 1232640 131092
56.400002 5893276 1232640 131092
56.500000 5893576 1232640 131092
56.599998 5893936 1232640 131116
56.700001 5893692 1232640 131260
56.799999 5893768 1232640 131268
56.900002 5895512 1232384 131560
57.000000 5896416 1232384 131808
57.099998 5895680 1232384 131808
57.200001 5896108 1232384 131808
57.299999 5895972 1232384 131824
57.400002 5896212 1232384 131824
57.500000 5895916 1232384 131824
57.599998 5896036 1232128 131892
57.700001 5896132 1232128 131892
57.799999 5895656 1232128 131892
57.900002 5895776 1232128 131892
58.000000 5896572 1232128 131892
58.099998 5895556 1232128 131892
58.200001 5896028 1232128 131892
58.299999 5895580 1232128 131904
58.400002 5895112 1232128 131904
58.500000 5894580 1231872 131932
58.599998 5895500 1231616 132040
58.700001 5895256 1231616 132052
58.799999 5895224 1231616 132064
58.900002 5897160 1231616 132064
59.000000 5886000 1231616 132064
59.099998 5886000 1231616 132128
59.200001 5886000 1231616 132128
59.299999 5886004 1231616 132128
59.400002 5885436 1231616 132128
59.500000 5885436 1231616 132128
59.599998 5885436 1231616 132128
59.700001 5885436 1231616 132128
59.799999 5885436 1231616 132128
59.900002 5885408 1231616 132132
60.000000 5885432 1231616 132132
60.099998 5885176 1231616 132132
60.200001 5885176 1231616 132132
60.299999 5885172 1231616 132132
60.400002 5884964 1231616 132132
60.500000 5884964 1231616 132136
60.599998 5884964 1231616 132136
60.700001 5884964 1231616 132136
60.799999 5884964 1231616 132136
60.900002 5884964 1231616 132136
61.000000 5884964 1231616 132136
61.099998 5884964 1231616 132136
61.200001 5884280 1231360 132172
61.299999 5884136 1231360 132268
61.400002 5883872 1231360 132284
61.500000 5884148 1231360 132356
61.599998 5884148 1231360 132356
61.700001 5884116 1231360 132356
61.799999 5884116 1231360 132356
61.900002 5884116 1231360 132356
62.000000 5884116 1231360 132364
62.099998 5884116 1231360 132364
62.200001 5884116 1231360 132364
62.299999 5884116 1231360 132364
62.400002 5884116 1231360 132368
62.500000 5884368 1231360 132368
62.599998 5884368 1231360 132368
62.700001 5884368 1231360 132368
62.799999 5884368 1231360 132368
62.900002 5884368 1231360 132368
63.000000 5884116 1231360 132368
63.099998 5884116 1231360 132368
63.200001 5884116 1231360 132368
63.299999 5884116 1231360 132368
63.400002 5884116 1231360 132368
63.500000 5883860 1231360 132368
63.599998 5883860 1231360 132368
63.700001 5883860 1231360 132368
63.799999 5883860 1231360 132368
63.900002 5883860 1231360 132368
64.000000 5883860 1231360 132368
64.099998 5883608 1231360 132368
64.199997 5883860 1231360 132368
64.300003 5883860 1231360 132368
64.400002 5883892 1231360 132368
64.500000 5883892 1231360 132368
64.599998 5883892 1231360 132372
64.699997 5883892 1231360 132372
64.800003 5883892 1231360 132372
64.900002 5883892 1231360 132372
65.000000 5883892 1231360 132372
65.099998 5883892 1231360 132372
65.199997 5883640 1231360 132372
65.300003 5883640 1231360 132372
65.400002 5883640 1231360 132372
65.500000 5883640 1231360 132372
65.599998 5883640 1231360 132372
65.699997 5883640 1231360 132372
65.800003 5883640 1231360 132372
65.900002 5883640 1231360 132372
66.000000 5883740 1231360 132372
66.099998 5883388 1231360 132372
66.199997 5882884 1231360 132372
66.300003 5882884 1231360 132372
66.400002 5882884 1231360 132372
66.500000 5882884 1231360 132372
66.599998 5882888 1231360 132392
66.699997 5882884 1231360 132396
66.800003 5882884 1231360 132396
66.900002 5882884 1231360 132396
67.000000 5882884 1231360 132396
67.099998 5882884 1231360 132396
67.199997 5882632 1231360 132396
67.300003 5882316 1231360 132396
67.400002 5882316 1231360 132396
67.500000 5882316 1231360 132396
67.599998 5882316 1231360 132396
67.699997 5882316 1231360 132396
67.800003 5882316 1231360 132396
67.900002 5882316 1231360 132396
68.000000 5882316 1231360 132396
68.099998 5882316 1231360 132396
68.199997 5882316 1231360 132396
68.300003 5881812 1231360 132400
68.400002 5881812 1231360 132400
68.500000 5881812 1231360 132400
68.599998 5881812 1231360 132400
68.699997 5881780 1231360 132400
68.800003 5881780 1231360 132400
68.900002 5881780 1231360 132400
69.000000 5882132 1231360 132400
69.099998 5881780 1231360 132400
69.199997 5881780 1231360 132400
69.300003 5881780 1231360 132400
69.400002 5881780 1231360 132400
69.500000 5881528 1231360 132400
69.599998 5881528 1231360 132400
69.699997 5881528 1231360 132400
69.800003 5881528 1231360 132400
69.900002 5881276 1231360 132400
70.000000 5881276 1231360 132400
70.099998 5881276 1231360 132400
70.199997 5881024 1231360 132400
70.300003 5881024 1231360 132400
70.400002 5881024 1231360 132400
70.500000 5881024 1231360 132400
70.599998 5881024 1231360 132400
70.699997 5881024 1231360 132400
70.800003 5881024 1231360 132400
70.900002 5881024 1231360 132400
71.000000 5881024 1231360 132400
71.099998 5881024 1231360 132400
71.199997 5880772 1231360 132400
71.300003 5880520 1231360 132400
71.400002 5880552 1231360 132400
71.500000 5880552 1231360 132400
71.599998 5880552 1231360 132400
71.699997 5880552 1231360 132400
71.800003 5880552 1231360 132400
71.900002 5880552 1231360 132400
72.000000 5880904 1231360 132400
72.099998 5880552 1231360 132400
72.199997 5880552 1231360 132400
72.300003 5880300 1231360 132400
72.400002 5880300 1231360 132400
72.500000 5880296 1231360 132400
72.599998 5880296 1231360 132400
72.699997 5880296 1231360 132400
72.800003 5880044 1231360 132400
72.900002 5880044 1231360 132400
73.000000 5880044 1231360 132400
73.099998 5880044 1231360 132400
73.199997 5880048 1231360 132412
73.300003 5880048 1231360 132412
73.400002 5880048 1231360 132412
73.500000 5880048 1231360 132412
73.599998 5880048 1231360 132412
73.699997 5880048 1231360 132412
73.800003 5880048 1231360 132412
73.900002 5880048 1231360 132412
74.000000 5880048 1231360 132412
74.099998 5880048 1231360 132412
74.199997 5880048 1231360 132412
74.300003 5880048 1231360 132412
74.400002 5880048 1231360 132412
74.500000 5880048 1231360 132412
74.599998 5880048 1231360 132412
74.699997 5880048 1231360 132412
74.800003 5880048 1231360 132412
74.900002 5880048 1231360 132412
75.000000 5880148 1231360 132412
75.099998 5879544 1231360 132412
75.199997 5879544 1231360 132412
75.300003 5879292 1231360 132412
75.400002 5879292 1231360 132412
75.500000 5879292 1231360 132412
75.599998 5879292 1231360 132412
75.699997 5879292 1231360 132412
75.800003 5879040 1231360 132412
75.900002 5879040 1231360 132412
76.000000 5879040 1231360 132412
76.099998 5878536 1231360 132412
76.199997 5878536 1231360 132412
76.300003 5878312 1231360 132412
76.400002 5878312 1231360 132412
76.500000 5878312 1231360 132412
76.599998 5878312 1231360 132412
76.699997 5878312 1231360 132412
76.800003 5878312 1231360 132412
76.900002 5878312 1231360 132412
77.000000 5878312 1231360 132412
77.099998 5878312 1231360 132412
77.199997 5878312 1231360 132412
77.300003 5877776 1231360 132412
77.400002 5877776 1231360 132412
77.500000 5877524 1231360 132412
77.599998 5877524 1231360 132412
77.699997 5877524 1231360 132412
77.800003 5877524 1231360 132412
77.900002 5877524 1231360 132412
78.000000 5877876 1231360 132412
78.099998 5877524 1231360 132412
78.199997 5877524 1231360 132412
78.300003 5877456 1231360 132412
78.400002 5877456 1231360 132412
78.500000 5877456 1231360 132412
78.599998 5877456 1231360 132412
78.699997 5877456 1231360 132412
78.800003 5877456 1231360 132412
78.900002 5877456 1231360 132412
79.000000 5877456 1231360 132412
79.099998 5877456 1231360 132412
79.199997 5877204 1231360 132412
79.300003 5877204 1231360 132412
79.400002 5877236 1231360 132412
79.500000 5877236 1231360 132412
79.599998 5877236 1231360 132412
79.699997 5877236 1231360 132412
79.800003 5877236 1231360 132412
79.900002 5877236 1231360 132412
80.000000 5877236 1231360 132412
80.099998 5877204 1231360 132412
80.199997 5877204 1231360 132412
80.300003 5876952 1231360 132412
80.400002 5876988 1231360 132436
80.500000 5876988 1231360 132436
80.599998 5876988 1231360 132436
80.699997 5876988 1231360 132436
80.800003 5876988 1231360 132436
80.900002 5876988 1231360 132436
81.000000 5877340 1231360 132436
81.099998 5876988 1231360 132436
81.199997 5876988 1231360 132436
81.300003 5876988 1231360 132436
81.400002 5876984 1231360 132436
81.500000 5876984 1231360 132436
81.599998 5876984 1231360 132436
81.699997 5876984 1231360 132436
81.800003 5876984 1231360 132436
81.900002 5876984 1231360 132436
82.000000 5876984 1231360 132436
82.099998 5876984 1231360 132436
82.199997 5876984 1231360 132436
82.300003 5876984 1231360 132436
82.400002 5876984 1231360 132436
82.500000 5876980 1231360 132436
82.599998 5876976 1231360 132436
82.699997 5876976 1231360 132436
82.800003 5876976 1231360 132436
82.900002 5877204 1231104 132572
83.000000 5877204 1231104 132572
83.099998 5877084 1231104 132572
83.199997 5877116 1231104 132572
83.300003 5877116 1231104 132572
83.400002 5876864 1231104 132572
83.500000 5876612 1231104 132572
83.599998 5876612 1231104 132572
83.699997 5876612 1231104 132572
83.800003 5876612 1231104 132572
83.900002 5876612 1231104 132572
84.000000 5876964 1231104 132572
84.099998 5876612 1231104 132572
84.199997 5876612 1231104 132572
84.300003 5876360 1231104 132572
84.400002 5876360 1231104 132572
84.500000 5876880 1230848 132796
84.599998 5877112 1230080 133216
84.699997 5877112 1230080 133216
84.800003 5877112 1230080 133216
84.900002 5877112 1230080 133216
85.000000 5877112 1230080 133216
85.099998 5877112 1230080 133216
85.199997 5877112 1230080 133216
85.300003 5877620 1230080 133216
85.400002 5877620 1230080 133216
85.500000 5877620 1230080 133216
85.599998 5877620 1230080 133216
85.699997 5877620 1230080 133216
85.800003 5877620 1230080 133216
85.900002 5877620 1230080 133216
86.000000 5877620 1230080 133216
86.099998 5877620 1230080 133216
86.199997 5877620 1230080 133216
86.300003 5877620 1230080 133216
86.400002 5877368 1230080 133216
86.500000 5877368 1230080 133216
86.599998 5877368 1230080 133216
86.699997 5877368 1230080 133216
86.800003 5877116 1230080 133216
86.900002 5877116 1230080 133216
87.000000 5877468 1230080 133216
87.099998 5877116 1230080 133216
87.199997 5877116 1230080 133216
87.300003 5877108 1230080 133216
87.400002 5877104 1230080 133216
87.500000 5877104 1230080 133216
87.599998 5877104 1230080 133216
87.699997 5877072 1230080 133216
87.800003 5877072 1230080 133216
87.900002 5877072 1230080 133216
88.000000 5877072 1230080 133216
88.099998 5877324 1230080 133216
88.199997 5877320 1230080 133216
88.300003 5877320 1230080 133216
88.400002 5877320 1230080 133216
88.500000 5877320 1230080 133216
88.599998 5877320 1230080 133216
88.699997 5877320 1230080 133216
88.800003 5877320 1230080 133216
88.900002 5877320 1230080 133216
89.000000 5877320 1230080 133216
89.099998 5877320 1230080 133216
89.199997 5877320 1230080 133216
89.300003 5877320 1230080 133216
89.400002 5877320 1230080 133216
89.500000 5877320 1230080 133216
89.599998 5877068 1230080 133216
89.699997 5877068 1230080 133216
89.800003 5877068 1230080 133216
89.900002 5877068 1230080 133216
90.000000 5877420 1230080 133216
90.099998 5877068 1230080 133216
90.199997 5877068 1230080 133216
90.300003 5877068 1230080 133216
90.400002 5876816 1230080 133216
90.500000 5876816 1230080 133216
90.599998 5876816 1230080 133216
90.699997 5876816 1230080 133216
90.800003 5876816 1230080 133216
90.900002 5876816 1230080 133216
91.000000 5876816 1230080 133216
91.099998 5876816 1230080 133216
91.199997 5876816 1230080 133216
91.300003 5876816 1230080 133216
91.400002 5876816 1230080 133216
91.500000 5876816 1230080 133216
91.599998 5876816 1230080 133216
91.699997 5876816 1230080 133216
91.800003 5876816 1230080 133216
91.900002 5876816 1230080 133216
92.000000 5876816 1230080 133216
92.099998 5876816 1230080 133216
92.199997 5876808 1230080 133216
92.300003 5876344 1230080 133216
92.400002 5876344 1230080 133216
92.500000 5876344 1230080 133216
92.599998 5876344 1230080 133216
92.699997 5876344 1230080 133216
92.800003 5876344 1230080 133216
92.900002 5876344 1230080 133216
93.000000 5876696 1230080 133216
93.099998 5876344 1230080 133216
93.199997 5876344 1230080 133216
93.300003 5876344 1230080 133216
93.400002 5876344 1230080 133216
93.500000 5876344 1230080 133216
93.599998 5876344 1230080 133216
93.699997 5876344 1230080 133216
93.800003 5876344 1230080 133216
93.900002 5876344 1230080 133216
94.000000 5876344 1230080 133216
94.099998 5876344 1230080 133216
94.199997 5876344 1230080 133216
94.300003 5876344 1230080 133216
94.400002 5876344 1230080 133216
94.500000 5876344 1230080 133216
94.599998 5876340 1230080 133216
94.699997 5876340 1230080 133216
94.800003 5876340 1230080 133216
94.900002 5876340 1230080 133216
95.000000 5876340 1230080 133216
95.099998 5876340 1230080 133216
95.199997 5876340 1230080 133216
95.300003 5876340 1230080 133216
95.400002 5876340 1230080 133216
95.500000 5876376 1230080 133216
95.599998 5876376 1230080 133216
95.699997 5876376 1230080 133216
95.800003 5876376 1230080 133216
95.900002 5876344 1230080 133216
96.000000 5876696 1230080 133216
96.099998 5876344 1230080 133216
96.199997 5876344 1230080 133216
96.300003 5876344 1230080 133216
96.400002 5876344 1230080 133216
96.500000 5876344 1230080 133216
96.599998 5876344 1230080 133216
96.699997 5876344 1230080 133216
96.800003 5876344 1230080 133216
96.900002 5876344 1230080 133216
97.000000 5876344 1230080 133216
97.099998 5876344 1230080 133216
97.199997 5876344 1230080 133216
97.300003 5874832 1230080 133216
97.400002 5874832 1230080 133216
97.500000 5874832 1230080 133216
97.599998 5874580 1230080 133216
97.699997 5874580 1230080 133216
97.800003 5874612 1230080 133216
97.900002 5874612 1230080 133316
98.000000 5874612 1230080 133316
98.099998 5874612 1230080 133316
98.199997 5874612 1230080 133316
98.300003 5874108 1230080 133316
98.400002 5873856 1230080 133316
98.500000 5873352 1230080 133316
98.599998 5873352 1230080 133316
98.699997 5873352 1230080 133316
98.800003 5873344 1230080 133460
98.900002 5873352 1230080 133460
99.000000 5873704 1230080 133460
99.099998 5873352 1230080 133460
99.199997 5873352 1230080 133460
99.300003 5873352 1230080 133460
99.400002 5873352 1230080 133460
99.500000 5873352 1230080 133460
99.599998 5873352 1230080 133460
99.699997 5873100 1230080 133460
99.800003 5873100 1230080 133460
99.900002 5873352 1230080 133460
100.000000 5873352 1230080 133460
100.099998 5873352 1230080 133460
100.199997 5873352 1230080 133460
100.300003 5873352 1230080 133460
100.400002 5873352 1230080 133460
100.500000 5873100 1230080 133460
100.599998 5873100 1230080 133460
100.699997 5873100 1230080 133460
100.800003 5873100 1230080 133460
100.900002 5873100 1230080 133460
101.000000 5873100 1230080 133460
101.099998 5873100 1230080 133460
101.199997 5873100 1230080 133460
101.300003 5873096 1230080 133460
101.400002 5872808 1230080 133460
101.500000 5872808 1230080 133460
101.599998 5872808 1230080 133460
101.699997 5872808 1230080 133460
101.800003 5872808 1230080 133460
101.900002 5872808 1230080 133460
102.000000 5872808 1230080 133460
102.099998 5872808 1230080 133460
102.199997 5872808 1230080 133460
102.300003 5872808 1230080 133460
102.400002 5872808 1230080 133460
102.500000 5872556 1230080 133460
102.599998 5872556 1230080 133460
102.699997 5872556 1230080 133460
102.800003 5872556 1230080 133460
102.900002 5872556 1230080 133460
103.000000 5872304 1230080 133460
103.099998 5872304 1230080 133460
103.199997 5872304 1230080 133460
103.300003 5872304 1230080 133460
103.400002 5871768 1230080 133460
103.500000 5871768 1230080 133460
103.599998 5871768 1230080 133460
103.699997 5871768 1230080 133460
103.800003 5871768 1230080 133460
103.900002 5871768 1230080 133460
104.000000 5871768 1230080 133460
104.099998 5871768 1230080 133460
104.199997 5871516 1230080 133460
104.300003 5871308 1230080 133460
104.400002 5871308 1230080 133460
104.500000 5871056 1230080 133460
104.599998 5871056 1230080 133460
104.699997 5871052 1230080 133460
104.800003 5871056 1230080 133460
104.900002 5871056 1230080 133460
105.000000 5871056 1230080 133460
105.099998 5871056 1230080 133460
105.199997 5871056 1230080 133460
105.300003 5871056 1230080 133460
105.400002 5871056 1230080 133460
105.500000 5871056 1230080 133460
105.599998 5870804 1230080 133460
105.699997 5870804 1230080 133460
105.800003 5870804 1230080 133460
105.900002 5870804 1230080 133460
106.000000 5870804 1230080 133460
106.099998 5870804 1230080 133460
106.199997 5870552 1230080 133460
106.300003 5870552 1230080 133460
106.400002 5870552 1230080 133460
106.500000 5870552 1230080 133460
106.599998 5870552 1230080 133460
106.699997 5870552 1230080 133460
106.800003 5870552 1230080 133460
106.900002 5870552 1230080 133460
107.000000 5870552 1230080 133460
107.099998 5870552 1230080 133460
107.199997 5870552 1230080 133460
107.300003 5870552 1230080 133460
107.400002 5870552 1230080 133460
107.500000 5870552 1230080 133460
107.599998 5870552 1230080 133460
107.699997 5870552 1230080 133460
107.800003 5870552 1230080 133460
107.900002 5870552 1230080 133460
108.000000 5870552 1230080 133460
108.099998 5870552 1230080 133460
108.199997 5870552 1230080 133460
108.300003 5870552 1230080 133460
108.400002 5870552 1230080 133460
108.500000 5870552 1230080 133460
108.599998 5870552 1230080 133460
108.699997 5870552 1230080 133460
108.800003 5870552 1230080 133460
108.900002 5870552 1230080 133460
109.000000 5870552 1230080 133460
109.099998 5870300 1230080 133460
109.199997 5870300 1230080 133460
109.300003 5870048 1230080 133460
109.400002 5870080 1230080 133460
109.500000 5870080 1230080 133460
109.599998 5870080 1230080 133460
109.699997 5870080 1230080 133460
109.800003 5870080 1230080 133460
109.900002 5869828 1230080 133460
110.000000 5869828 1230080 133460
110.099998 5869828 1230080 133460
110.199997 5869824 1230080 133460
110.300003 5869572 1230080 133460
110.400002 5869352 1230080 133460
110.500000 5869352 1230080 133460
110.599998 5869352 1230080 133460
110.699997 5869352 1230080 133460
110.800003 5869352 1230080 133460
110.900002 5868848 1230080 133460
111.000000 5868848 1230080 133460
111.099998 5868848 1230080 133460
111.199997 5868848 1230080 133460
111.300003 5868840 1230080 133460
111.400002 5868840 1230080 133460
111.500000 5868840 1230080 133460
111.599998 5868840 1230080 133460
111.699997 5868840 1230080 133460
111.800003 5868840 1230080 133460
111.900002 5868840 1230080 133460
112.000000 5868840 1230080 133460
112.099998 5868840 1230080 133460
112.199997 5868840 1230080 133460
112.300003 5868556 1230080 133460
112.400002 5868556 1230080 133460
112.500000 5868808 1230080 133460
112.599998 5868808 1230080 133460
112.699997 5868808 1230080 133460
112.800003 5868808 1230080 133460
112.900002 5868808 1230080 133460
113.000000 5868808 1230080 133460
113.099998 5868808 1230080 133460
113.199997 5868808 1230080 133460
113.300003 5868804 1230080 133460
113.400002 5868800 1230080 133460
113.500000 5868800 1230080 133460
113.599998 5868800 1230080 133460
113.699997 5868800 1230080 133460
113.800003 5868800 1230080 133460
113.900002 5868800 1230080 133460
114.000000 5868548 1230080 133460
114.099998 5868548 1230080 133460
114.199997 5868548 1230080 133460
114.300003 5868548 1230080 133460
114.400002 5868548 1230080 133460
114.500000 5868304 1230080 133460
114.599998 5868304 1230080 133460
114.699997 5868304 1230080 133460
114.800003 5868304 1230080 133460
114.900002 5868304 1230080 133460
115.000000 5868304 1230080 133460
115.099998 5868304 1230080 133460
115.199997 5868052 1230080 133460
115.300003 5868052 1230080 133460
115.400002 5867800 1230080 133460
115.500000 5867800 1230080 133460
115.599998 5867796 1230080 133460
115.699997 5867796 1230080 133460
115.800003 5867796 1230080 133460
115.900002 5867796 1230080 133460
116.000000 5867796 1230080 133460
116.099998 5867796 1230080 133460
116.199997 5867800 1230080 133460
116.300003 5867800 1230080 133460
116.400002 5867800 1230080 133460
116.500000 5867800 1230080 133460
116.599998 5867800 1230080 133460
116.699997 5867800 1230080 133460
116.800003 5867548 1230080 133460
116.900002 5867548 1230080 133460
117.000000 5867548 1230080 133460
117.099998 5867548 1230080 133460
117.199997 5867548 1230080 133460
117.300003 5867548 1230080 133460
117.400002 5867296 1230080 133460
117.500000 5867296 1230080 133460
117.599998 5867044 1230080 133460
117.699997 5867044 1230080 133460
117.800003 5867044 1230080 133460
117.900002 5867044 1230080 133460
118.000000 5867044 1230080 133460
118.099998 5867044 1230080 133460
118.199997 5867044 1230080 133460
118.300003 5867044 1230080 133460
118.400002 5867044 1230080 133460
118.500000 5867044 1230080 133460
118.599998 5867044 1230080 133460
118.699997 5867044 1230080 133460
118.800003 5867044 1230080 133460
118.900002 5866792 1230080 133460
119.000000 5866792 1230080 133460
119.099998 5866540 1230080 133460
119.199997 5866540 1230080 133460
119.300003 5866540 1230080 133460
119.400002 5866540 1230080 133460
119.500000 5866540 1230080 133460
119.599998 5866540 1230080 133460
119.699997 5866540 1230080 133460
119.800003 5866540 1230080 133460
119.900002 5866288 1230080 133460
120.000000 5866288 1230080 133460
